0	0.999999996	0.999999995	0.999999994
0.0214	0.981758243	0.98333852	0.984269843
0.0428	0.931027891	0.936682745	0.940077454
0.0642	0.857865966	0.868562333	0.875158519
0.0856	0.774166165	0.78936537	0.799065238
0.107	0.689916394	0.708201673	0.720315306
0.1284	0.61148317	0.631262594	0.644803398
0.1498	0.54174643	0.561695549	0.575605666
0.1712	0.481169421	0.500364336	0.513647177
0.1926	0.42894758	0.446808371	0.458616727
0.214	0.383854744	0.400023912	0.40971635
0.2354	0.344687505	0.358940729	0.366108755
0.2568	0.310432217	0.322633363	0.327100852
0.2782	0.280277878	0.290374745	0.292163136
0.2996	0.253587363	0.261609385	0.260890925
0.321	0.229854066	0.235908871	0.232953634
0.3424	0.208675275	0.212923607	0.208063996
0.3638	0.189727277	0.192357082	0.185957542
0.3852	0.172749468	0.173942437	0.166385421
0.4066	0.157532767	0.157438173	0.149099582
0.428	0.143906643	0.142629492	0.133853396
0.4494	0.131722248	0.129331465	0.120396701
0.4708	0.120837989	0.117388168	0.108483269
0.4922	0.111110257	0.106667592	0.0978834
0.5136	0.102395182	0.097052955	0.088397944
0.535	0.094557656	0.088434768	0.079867025
0.5564	0.087484206	0.080707563	0.07217163
0.5778	0.081089911	0.073772252	0.065227462
0.5992	0.075313721	0.067539186	0.058974901
0.6206	0.070107122	0.061929812	0.053368234
0.642	0.065421727	0.056873408	0.048365285
0.6634	0.061201768	0.052305041	0.043919941
0.6848	0.057383232	0.048165463	0.039978455
0.7062	0.053898585	0.044404486	0.036477444
0.7276	0.050682354	0.040983828	0.033346234
0.749	0.047676193	0.037876249	0.030510953
0.7704	0.044829485	0.035061643	0.027902751
0.7918	0.04209904	0.032520599	0.025466567
0.8132	0.039449351	0.030228775	0.023168772
0.8346	0.036856763	0.028152873	0.020999279
0.856	0.034316081	0.026251286	0.01896862
0.8774	0.031844306	0.024479027	0.017100096
0.8988	0.029476129	0.022796312	0.01541776
0.9202	0.02725096	0.021176115	0.013935827
0.9416	0.025196793	0.01960913	0.012652717
0.963	0.023318609	0.018105619	0.011551521
0.9844	0.021598116	0.016692037	0.010604481
1.0058	0.020003718	0.015402733	0.009779123
1.0272	0.018504673	0.014267132	0.009044478
1.0486	0.017082908	0.013296949	0.008375499
1.07	0.015736275	0.012480583	0.007754005
1.0914	0.014476582	0.011787004	0.007166606
1.1128	0.013323134	0.01117626	0.006602115
1.1342	0.01229739	0.01060906	0.006050585
1.1556	0.011417446	0.010049857	0.005504043
1.177	0.010693628	0.009466184	0.004958315
1.1984	0.010124248	0.008827844	0.004414913
1.2198	0.00969382	0.008110404	0.003881789
1.2412	0.009375146	0.007300663	0.003371356
1.2626	0.009136216	0.006402067	0.002895805
1.284	0.00894975	0.005437108	0.002462209
1.3054	0.008800163	0.004444835	0.002070574
1.3268	0.008683777	0.003473334	0.001715795
1.3482	0.008600186	0.002569097	0.001391286
1.3696	0.008538479	0.001767144	0.001091571
1.391	0.008468215	0.001085387	0.000813009
1.4124	0.008342022	0.000524268	0.000553664
1.4338	0.008110116	7.04657E-05	0.000313078
1.4552	0.007737364	-0.000297782	9.11446E-05
1.4766	0.00721378	-0.000606225	-0.0001141
1.498	0.006556152	-0.000882117	-0.000307474
1.5194	0.005803701	-0.001152826	-0.000493807
1.5408	0.005011208	-0.001442856	-0.000672126
1.5622	0.004239844	-0.00176657	-0.000832092
1.5836	0.003546363	-0.002118925	-0.000957716
1.605	0.002972557	-0.002471597	-0.001037983
1.6264	0.002538487	-0.002780392	-0.001077562
1.6478	0.002242315	-0.003001347	-0.001100237
1.6692	0.002065027	-0.00310571	-0.001141793
1.6906	0.001975436	-0.00308633	-0.001235294
1.712	0.001934013	-0.002955033	-0.00139589
1.7334	0.00189802	-0.002735414	-0.001613016
1.7548	0.001829523	-0.002455424	-0.001854024
1.7762	0.001704103	-0.002141892	-0.002076639
1.7976	0.001516016	-0.001816695	-0.002243465
1.819	0.001276912	-0.001493876	-0.002332375
1.8404	0.001008387	-0.001178422	-0.002340776
1.8618	0.000730972	-0.000868756	-0.002284246
1.8832	0.000454614	-0.000563528	-0.002191084
1.9046	0.000176818	-0.000268252	-0.002094564
1.926	-0.000109759	4.65689E-06	-0.002024976
1.9474	-0.000405625	0.000244114	-0.002003887
1.9688	-0.000697274	0.000450567	-0.002041751
1.9902	-0.000960321	0.000639302	-0.002138475
2.0116	-0.001170448	0.000833238	-0.002286081
2.033	-0.001312584	0.001049628	-0.002472361
2.0544	-0.001381576	0.001289585	-0.002683627
2.0758	-0.001377382	0.001536742	-0.002904994
2.0972	-0.001303253	0.001764441	-0.003118802
2.1186	-0.001170384	0.001946091	-0.00330364
2.14	-0.001004126	0.002063048	-0.0034366
2.1614	-0.000844254	0.002107805	-0.003498111
2.1828	-0.000736971	0.002083562	-0.00347728
2.2042	-0.000723328	0.002001435	-0.003375086
2.2256	-0.000830042	0.001875303	-0.003204487
2.247	-0.001065118	0.001714894	-0.002987679
2.2684	-0.001416834	0.001520753	-0.002751973
2.2898	-0.001854613	0.001284961	-0.00252551
2.3112	-0.002333544	0.000997847	-0.002334229
2.3326	-0.002804816	0.000657006	-0.002200857
2.354	-0.003230193	0.000274065	-0.002144286
2.3754	-0.00359397	-0.000123956	-0.002177138
2.3968	-0.003905663	-0.000498616	-0.002301494
2.4182	-0.004191338	-0.000807034	-0.002505083
2.4396	-0.004477625	-0.00100961	-0.002760219
2.461	-0.004777016	-0.001077661	-0.003026495
2.4824	-0.005082075	-0.000999811	-0.00325629
2.5038	-0.005370388	-0.000784595	-0.003402013
2.5252	-0.005615007	-0.000457669	-0.003424181
2.5466	-0.005793264	-5.48326E-05	-0.003299261
2.568	-0.005890413	0.000386349	-0.003025397
2.5894	-0.005898064	0.000833523	-0.002623927
2.6108	-0.005810463	0.001263125	-0.002135471
2.6322	-0.005622074	0.001660282	-0.001610908
2.6536	-0.005329465	0.002016718	-0.001099773
2.675	-0.004937385	0.002328956	-0.000639814
2.6964	-0.004465033	0.00259714	-0.000251422
2.7178	-0.003946678	0.002823663	6.16972E-05
2.7392	-0.00342462	0.003011135	0.000307604
2.7606	-0.002939056	0.00316042	0.000500116
2.782	-0.002520771	0.003269577	0.000653832
2.8034	-0.002187749	0.003334606	0.000780695
2.8248	-0.001943148	0.003352118	0.000887695
2.8462	-0.001773915	0.003322879	0.000975587
2.8676	-0.00165359	0.00325421	0.001039508
2.889	-0.001551361	0.00315886	0.001072488
2.9104	-0.001443746	0.003050143	0.001070953
2.9318	-0.00132132	0.00293549	0.001038938
2.9532	-0.001186753	0.002812901	0.000988808
2.9746	-0.001046774	0.002673873	0.000938386
2.996	-0.000904753	0.00251209	0.000906055
3.0174	-0.0007592	0.002331984	0.000905704
3.0388	-0.000608123	0.002150598	0.000942131
3.0602	-0.00045366	0.001990682	0.001007825
3.0816	-0.000301741	0.001869429	0.001082789
3.103	-0.000157328	0.001790633	0.001138624
3.1244	-2.00797E-05	0.001744315	0.001146694
3.1458	0.000114781	0.001712566	0.001087211
3.1672	0.000249882	0.001676553	0.000954318
3.1886	0.000377801	0.001621397	0.00075486
3.21	0.000478594	0.001538697	0.000502768
3.2314	0.000527104	0.00142695	0.000213789
3.2528	0.000507454	0.001289726	-9.64813E-05
3.2742	0.0004254	0.001132672	-0.000411444
3.2956	0.000310055	0.000962117	-0.000711401
3.317	0.000204429	0.000786382	-0.000972544
3.3384	0.000151331	0.000617235	-0.00116767
3.3598	0.00018174	0.000468029	-0.001268437
3.3812	0.00030928	0.000348898	-0.001249264
3.4026	0.000530814	0.000262112	-0.001093325
3.424	0.000830376	0.000201084	-0.000799665
3.4454	0.001184181	0.000154362	-0.000387844
3.4668	0.001566767	0.000112405	0.000103588
3.4882	0.001957375	7.25986E-05	0.000625159
3.5096	0.002343105	3.93486E-05	0.001127225
3.531	0.002716365	2.01821E-05	0.001569377
3.5524	0.003068626	2.10293E-05	0.001927013
3.5738	0.003385504	4.31416E-05	0.002195197
3.5952	0.003647391	8.19937E-05	0.002388827
3.6166	0.003835169	0.000127452	0.002536971
3.638	0.003936164	0.000164572	0.002672204
3.6594	0.003946884	0.000175725	0.002819098
3.6808	0.003873048	0.000144744	0.00298706
3.7022	0.003729116	6.29269E-05	0.00317026
3.7236	0.003537038	-6.61387E-05	0.003353675
3.745	0.00332173	-0.000226448	0.003521922
3.7664	0.003103159	-0.000394929	0.003667227
3.7878	0.002889429	-0.000548573	0.003793665
3.8092	0.00267592	-0.000669246	0.003916188
3.8306	0.002451779	-0.000744864	0.00405511
3.852	0.002209356	-0.000768881	0.004228102
3.8734	0.001950089	-0.000740354	0.004442454
3.8948	0.001683879	-0.000665448	0.004690455
3.9162	0.001423135	-0.000558971	0.004950141
3.9376	0.001176116	-0.000444608	0.00519144
3.959	0.000942991	-0.000352302	0.005384758
3.9804	0.000715554	-0.000311991	0.005508101
4.0018	0.000479818	-0.000344189	0.005550786
4.0232	0.000221302	-0.000451336	0.005514211
4.0446	-6.87999E-05	-0.000614936	0.005410538
4.066	-0.000390002	-0.000801252	0.005260578
4.0874	-0.000733586	-0.000973175	0.0050908
4.1088	-0.001087344	-0.001102014	0.004929064
4.1302	-0.001440308	-0.001173156	0.004798608
4.1516	-0.001783445	-0.00118432	0.004711602
4.173	-0.002107596	-0.00114027	0.004665804
4.1944	-0.002402481	-0.001049416	0.004646767
4.2158	-0.002657377	-0.000923593	0.004634552
4.2372	-0.002861359	-0.000777967	0.004610551
4.2586	-0.003004278	-0.000628202	0.004561003
4.28	-0.003081068	-0.000485896	0.004476652
4.3014	-0.003096853	-0.000355197	0.004349993
4.3228	-0.003067181	-0.00023278	0.004172035
4.3442	-0.003011179	-0.000111162	0.003930811
4.3656	-0.002941921	1.67666E-05	0.003613569
4.387	-0.002860279	0.000154111	0.00321259
4.4084	-0.002756205	0.000298656	0.002732061
4.4298	-0.002617327	0.000443116	0.002191466
4.4512	-0.002440599	0.000575586	0.001622915
4.4726	-0.002240404	0.000680378	0.001063503
4.494	-0.002047847	0.000740458	0.000546822
4.5154	-0.001900689	0.000740994	9.76765E-05
4.5368	-0.001828808	0.000673076	-0.000268378
4.5582	-0.001843584	0.000537324	-0.00054188
4.5796	-0.001937161	0.000346341	-0.000715774
4.601	-0.002090645	0.000123665	-0.000784404
4.6224	-0.002283632	-0.000101139	-0.000746816
4.6438	-0.002497742	-0.000298613	-0.000611839
4.6652	-0.002713861	-0.000443177	-0.0003997
4.6866	-0.002908294	-0.000514819	-0.000137134
4.708	-0.003052443	-0.000500951	0.00015174
4.7294	-0.003117327	-0.000398846	0.000452953
4.7508	-0.003081486	-0.000216877	0.000764455
4.7722	-0.002938468	2.70238E-05	0.001092242
4.7936	-0.002699074	0.000309005	0.001444372
4.815	-0.002386308	0.000603489	0.001825958
4.8364	-0.002026943	0.000886633	0.002236163
4.8578	-0.001645081	0.00113847	0.002667366
4.8792	-0.001259054	0.001344022	0.003105816
4.9006	-0.000881103	0.001493281	0.003532618
4.922	-0.00051846	0.001579971	0.003924427
4.9434	-0.000174344	0.001599467	0.004254963
4.9648	0.000151747	0.001547747	0.004498506
4.9862	0.000464256	0.001422424	0.004635631
5.0076	0.000772079	0.001224506	0.004659597
5.029	0.00108871	0.000958402	0.004580342
5.0504	0.001430307	0.000629859	0.004423405
5.0718	0.001811257	0.000244598	0.004223453
5.0932	0.002238392	-0.000190443	0.004015025
5.1146	0.002705566	-0.000663724	0.003824676
5.136	0.003191927	-0.001156486	0.00366758
5.1574	0.003666307	-0.001643188	0.003548974
5.1788	0.004097526	-0.002095563	0.003468636
5.2002	0.004466296	-0.002489537	0.003425409
5.2216	0.004772044	-0.00281196	0.003419823
5.243	0.005029901	-0.003063314	0.003454158
5.2644	0.005258794	-0.003254665	0.003530284
5.2858	0.005467164	-0.003401035	0.003646223
5.3072	0.005644286	-0.003515197	0.003793299
5.3286	0.005761826	-0.003605011	0.003955821
5.35	0.00578437	-0.003674992	0.004113436
5.3714	0.00568382	-0.003729887	0.004244644
5.3928	0.005451884	-0.003776509	0.004329519
5.4142	0.005106729	-0.003821851	0.004351064
5.4356	0.004690795	-0.003869183	0.004296928
5.457	0.004260062	-0.003915746	0.004162272
5.4784	0.003868948	-0.003955538	0.003952099
5.4998	0.00355875	-0.003986364	0.003680603
5.5212	0.003354243	-0.004015231	0.003367688
5.5426	0.003265299	-0.004056658	0.003035102
5.564	0.003287761	-0.004124798	0.002704346
5.5854	0.00340131	-0.00422533	0.002395643
5.6068	0.003568701	-0.004352037	0.002126181
5.6282	0.003742326	-0.004487794	0.001907248
5.6496	0.003877372	-0.004607509	0.001741494
5.671	0.003944575	-0.004682299	0.001621698
5.6924	0.003935489	-0.004686003	0.001531936
5.7138	0.003858914	-0.004603194	0.00145201
5.7352	0.00373297	-0.004434945	0.001365143
5.7566	0.003579337	-0.004199187	0.00126592
5.778	0.003421604	-0.003925853	0.001163078
5.7994	0.003282872	-0.0036496	0.001073883
5.8208	0.003179612	-0.003403021	0.001013186
5.8422	0.003115775	-0.0032116	0.000984582
5.8636	0.003083211	-0.003090669	0.000979843
5.885	0.00307071	-0.003044023	0.000985708
5.9064	0.00307519	-0.003064577	0.000991869
5.9278	0.003105888	-0.003137235	0.000994628
5.9492	0.003177889	-0.003243886	0.000995306
5.9706	0.003299942	-0.003368883	0.000996349
5.992	0.003465361	-0.003503641	0.000998121
6.0134	0.003652159	-0.003648461	0.000998161
6.0348	0.003832172	-0.003810539	0.000991911
6.0562	0.003982899	-0.003999349	0.000973601
6.0776	0.004094354	-0.004221763	0.000936399
6.099	0.004167977	-0.004477868	0.000872802
6.1204	0.004211191	-0.004757207	0.000776246
6.1418	0.004234202	-0.005036894	0.000643752
6.1632	0.004250494	-0.005285251	0.000477667
6.1846	0.004277156	-0.005471863	0.00028467
6.206	0.004331832	-0.005578699	7.19045E-05
6.2274	0.004427553	-0.005604066	-0.00015739
6.2488	0.004568046	-0.005556892	-0.000405423
6.2702	0.004745523	-0.005446244	-0.000676434
6.2916	0.004941653	-0.005273892	-0.000969857
6.313	0.005131999	-0.005034292	-0.001274189
6.3344	0.005292272	-0.004720874	-0.001566044
6.3558	0.005403352	-0.004333603	-0.001816205
6.3772	0.005454417	-0.003883412	-0.001999641
6.3986	0.00544589	-0.003392233	-0.002103946
6.42	0.005392091	-0.002889844	-0.002132479
6.4414	0.005319487	-0.002409041	-0.002101723
6.4628	0.005259347	-0.001979868	-0.0020347
6.4842	0.005238267	-0.001623518	-0.001953353
6.5056	0.005270376	-0.001347852	-0.001872787
6.527	0.0053524	-0.001147012	-0.001799238
6.5484	0.005462007	-0.001006406	-0.001731952
6.5698	0.00556086	-0.000910665	-0.001667625
6.5912	0.005603677	-0.00084962	-0.001605321
6.6126	0.005551101	-0.000818318	-0.001550279
6.634	0.005381414	-0.000811973	-0.001514627
6.6554	0.005096908	-0.000821231	-0.001514034
6.6768	0.004724635	-0.000832247	-0.001560829
6.6982	0.004311484	-0.000831092	-0.001656454
6.7196	0.003912871	-0.000809143	-0.001787115
6.741	0.003576803	-0.000766556	-0.001925715
6.7624	0.003329685	-0.000712812	-0.002039989
6.7838	0.003170799	-0.000664616	-0.002103673
6.8052	0.003076244	-0.000642114	-0.002105515
6.8266	0.003007873	-0.000664026	-0.002051542
6.848	0.002923266	-0.000741468	-0.001959848
6.8694	0.002785936	-0.00087111	-0.00185109
6.8908	0.002575475	-0.001031018	-0.001740769
6.9122	0.002294784	-0.001183502	-0.00163779
6.9336	0.001970834	-0.001285567	-0.001548526
6.955	0.001647682	-0.001302695	-0.001481587
6.9764	0.001373243	-0.001219168	-0.001448625
6.9978	0.0011855	-0.001040245	-0.001460909
7.0192	0.001103651	-0.00078661	-0.00152475
7.0406	0.001126368	-0.000485478	-0.001638859
7.062	0.001235421	-0.000163712	-0.001794606
7.0834	0.001401279	0.000155037	-0.001977955
7.1048	0.001588442	0.000451072	-0.002171155
7.1262	0.001760292	0.000709265	-0.002353306
7.1476	0.001885298	0.000919022	-0.002500608
7.169	0.001944863	0.001073243	-0.002588515
7.1904	0.001939207	0.001167587	-0.002596478
7.2118	0.001886254	0.001201001	-0.002513461
7.2332	0.001813255	0.001177002	-0.002341415
7.2546	0.001746365	0.001104409	-0.002095745
7.276	0.00170401	0.000997241	-0.001803076
7.2974	0.001695845	0.00087338	-0.001496855
7.3188	0.00172464	0.000751884	-0.001211146
7.3402	0.001787523	0.000649077	-0.000973933
7.3616	0.00187463	0.000574169	-0.00080133
7.383	0.001968203	0.000525853	-0.000694197
7.4044	0.002045739	0.00049206	-0.000638649
7.4258	0.002086772	0.000453661	-0.000611722
7.4472	0.002078459	0.000391284	-0.000591167
7.4686	0.00201662	0.000293219	-0.000565057
7.49	0.001903581	0.000161889	-0.000535636
7.5114	0.001745918	1.52329E-05	-0.000514908
7.5328	0.001554555	-0.000118803	-0.000514396
7.5542	0.001346432	-0.000212391	-0.000536105
7.5756	0.001144469	-0.00024733	-0.000570675
7.597	0.000974382	-0.000219046	-0.000603333
7.6184	0.000861379	-0.000133192	-0.000622675
7.6398	0.000829282	3.01337E-06	-0.000626163
7.6612	0.000899556	0.000189746	-0.000619697
7.6826	0.001086749	0.000438408	-0.000613252
7.704	0.001392077	0.000767793	-0.000616671
7.7254	0.001800836	0.001194072	-0.000638306
7.7468	0.002286635	0.001718737	-0.000685835
7.7682	0.002819694	0.0023208	-0.000766614
7.7896	0.003373073	0.002958251	-0.000885364
7.811	0.003922224	0.003578988	-0.001039498
7.8324	0.004440273	0.004135847	-0.00121489
7.8538	0.004896942	0.004598104	-0.001385419
7.8752	0.005264688	0.004954265	-0.001518067
7.8966	0.00552757	0.005206538	-0.00158197
7.918	0.005685576	0.005361865	-0.001558206
7.9394	0.00575268	0.005425344	-0.001446639
7.9608	0.005750963	0.005398625	-0.00126724
7.9822	0.00570329	0.005282604	-0.001055931
8.0036	0.005626234	0.00508124	-0.000856865
8.025	0.005525084	0.004803485	-0.000714043
8.0464	0.005392215	0.004461558	-0.00066355
8.0678	0.005209635	0.00406597	-0.000727214
8.0892	0.004955957	0.003620249	-0.000908459
8.1106	0.004616508	0.003119638	-0.00119136
8.132	0.004192522	0.00255625	-0.001544368
8.1534	0.003704004	0.001928798	-0.001928599
8.1748	0.003184393	0.00125065	-0.002308755
8.1962	0.002670109	0.00055051	-0.002662857
8.2176	0.002191277	-0.000134573	-0.002986375
8.239	0.001768178	-0.00076859	-0.003287697
8.2604	0.001414085	-0.001322908	-0.003576292
8.2818	0.001140266	-0.001777649	-0.003850268
8.3032	0.00095721	-0.002120098	-0.004091435
8.3246	0.000870564	-0.002343304	-0.004271023
8.346	0.000876485	-0.002446279	-0.004361922
8.3674	0.000961851	-0.002434524	-0.004350055
8.3888	0.001109053	-0.002318929	-0.004240261
8.4102	0.001300746	-0.002113107	-0.004055754
8.4316	0.001521259	-0.001831192	-0.003832231
8.453	0.001756247	-0.001488067	-0.003608346
8.4744	0.00199416	-0.001102326	-0.003415252
8.4958	0.002230296	-0.000699519	-0.003269102
8.5172	0.002469517	-0.000312384	-0.003169394
8.5386	0.002722616	2.37209E-05	-0.00310298
8.56	0.002996588	0.000278857	-0.003050658
8.5814	0.003285726	0.000436455	-0.002992326
8.6028	0.003570447	0.000497115	-0.00290902
8.6242	0.003824436	0.00047677	-0.002782785
8.6456	0.00402416	0.000401178	-0.00259716
8.667	0.004153251	0.000299842	-0.002340076
8.6884	0.004199415	0.00020098	-0.002007803
8.7098	0.004149155	0.000127241	-0.001606527
8.7312	0.003987261	9.15985E-05	-0.001149713
8.7526	0.003703093	9.4428E-05	-0.00065315
8.774	0.003299811	0.00012431	-0.000130713
8.7954	0.002799995	0.000164182	0.000407445
8.8168	0.002243329	0.000200953	0.000953944
8.8382	0.001677744	0.000233453	0.001501402
8.8596	0.001148789	0.000273676	0.002039679
8.881	0.000691949	0.000339657	0.002555093
8.9024	0.000330689	0.000443355	0.003032669
8.9238	7.89411E-05	0.000580022	0.003459904
8.9452	-5.68676E-05	0.00072456	0.003829008
8.9666	-7.98994E-05	0.000836978	0.004135922
8.988	-8.0628E-06	0.000874937	0.004378383
9.0094	0.000123119	0.00080838	0.004555634
9.0308	0.000264758	0.000630371	0.004669845
9.0522	0.00036617	0.000359658	0.004726614
9.0736	0.000389169	3.30023E-05	0.004732745
9.095	0.000319159	-0.000309155	0.004692505
9.1164	0.00016926	-0.000636588	0.004605558
9.1378	-2.35483E-05	-0.000936118	0.00446801
9.1592	-0.000208592	-0.00120868	0.004275496
9.1806	-0.000334744	-0.001459929	0.004026217
9.202	-0.000363644	-0.001691376	0.003722676
9.2234	-0.000279801	-0.001898378	0.003372433
9.2448	-9.37998E-05	-0.002076045	0.002988644
9.2662	0.000163384	-0.002228173	0.002590579
9.2876	0.000451782	-0.002371641	0.002203749
9.309	0.00073427	-0.002531501	0.001858138
9.3304	0.000985071	-0.002729107	0.001583357
9.3518	0.00119265	-0.002969645	0.001401624
9.3732	0.001356408	-0.003235764	0.001320885
9.3946	0.001479835	-0.003491544	0.001330789
9.416	0.001565203	-0.003695729	0.001403376
9.4374	0.001612642	-0.003816935	0.001498899
9.4588	0.001622324	-0.003841655	0.001575291
9.4802	0.001596912	-0.003771896	0.001598083
9.5016	0.001543265	-0.003617997	0.001546962
9.523	0.001473085	-0.003394592	0.001416859
9.5444	0.00140081	-0.003122667	0.001214228
9.5658	0.001338502	-0.002833126	0.000952051
9.5872	0.001291172	-0.002565019	0.000646847
9.6086	0.001256731	-0.002356341	0.000318536
9.63	0.00123121	-0.002231943	-8.74911E-06
9.6514	0.001215034	-0.002194935	-0.000307632
9.6728	0.001215059	-0.002225707	-0.000552128
9.6942	0.00124005	-0.002288178	-0.000724967
9.7156	0.001292461	-0.002340848	-0.000823801
9.737	0.001363067	-0.002349067	-0.000862326
9.7584	0.001433238	-0.002294693	-0.000864708
9.7798	0.001483137	-0.002180458	-0.000855948
9.8012	0.001499199	-0.002028176	-0.000853024
9.8226	0.001476243	-0.001871228	-0.000861161
9.844	0.001414975	-0.001743685	-0.000876026
9.8654	0.001318524	-0.001670239	-0.000889185
9.8868	0.001189813	-0.001660924	-0.000892526
9.9082	0.001030477	-0.001712146	-0.000879553
9.9296	0.000842261	-0.001812004	-0.000844216
9.951	0.000630039	-0.001945581	-0.000780402
9.9724	0.000404353	-0.002097274	-0.000683426
9.9938	0.000182138	-0.002251025	-0.000552861
10.0152	-1.46873E-05	-0.002391279	-0.000394232
10.0366	-0.000162917	-0.002505148	-0.000218366
10.058	-0.000243709	-0.002583123	-3.84659E-05
10.0794	-0.000249221	-0.002616538	0.000133819
10.1008	-0.000187475	-0.002593459	0.000291904
10.1222	-8.15124E-05	-0.002497355	0.000436274
10.1436	3.88371E-05	-0.002310932	0.000574336
10.165	0.000148088	-0.002022703	0.000717542
10.1864	0.00023185	-0.001631474	0.000876289
10.2078	0.000286873	-0.001146961	0.001054491
10.2292	0.000317789	-0.000588968	0.00124745
10.2506	0.00033422	1.24513E-05	0.001444807
10.272	0.000348293	0.000617733	0.001638067
10.2934	0.000371181	0.001182792	0.00182874
10.3148	0.000409215	0.001668405	0.002031851
10.3362	0.000461005	0.002049545	0.002271598
10.3576	0.000516805	0.002319582	0.002570642
10.379	0.000559952	0.002486929	0.002938271
10.4004	0.000570595	0.00256606	0.003363175
10.4218	0.000532376	0.002567374	0.003813749
10.4432	0.000440324	0.00249154	0.004245165
10.4646	0.000304811	0.002331856	0.004610055
10.486	0.000148153	0.00208383	0.004869145
10.5074	-3.65359E-06	0.001755632	0.004998977
10.5288	-0.000128494	0.00137157	0.004994915
10.5502	-0.000211432	0.000966225	0.004869378
10.5716	-0.000245065	0.000573728	0.004646974
10.593	-0.000229785	0.000218623	0.004359596
10.6144	-0.000175003	-8.84628E-05	0.004043305
10.6358	-9.87843E-05	-0.000350827	0.003736992
10.6572	-2.37462E-05	-0.000582975	0.003480026
10.6786	2.97654E-05	-0.000805358	0.003307087
10.7	5.08411E-05	-0.001037093	0.003241077
10.7214	4.2817E-05	-0.00128835	0.003287419
10.7428	2.2909E-05	-0.001555982	0.003432488
10.7642	1.57023E-05	-0.001824463	0.003646536
10.7856	4.37679E-05	-0.002071544	0.003890451
10.807	0.000120793	-0.002275661	0.004124819
10.8284	0.000250007	-0.002421447	0.004319334
10.8498	0.000426292	-0.002501449	0.004458533
10.8712	0.00063848	-0.002514618	0.004541732
10.8926	0.000870521	-0.002463927	0.004577703
10.914	0.001101885	-0.002355416	0.004577635
10.9354	0.001308745	-0.002199484	0.004549489
10.9568	0.001467871	-0.002013286	0.004495547
10.9782	0.001563032	-0.001820435	0.004413112
10.9996	0.001589195	-0.001646067	0.004297384
11.021	0.00154974	-0.001510449	0.004145418
11.0424	0.001448637	-0.001426177	0.003959914
11.0638	0.00128523	-0.001399904	0.003751571
11.0852	0.001055857	-0.001434177	0.003539432
11.1066	0.000759466	-0.001525854	0.00334897
11.128	0.000401882	-0.001661879	0.003208146
11.1494	-4.79131E-06	-0.001816516	0.003141704
11.1708	-0.000447743	-0.001954552	0.003164173
11.1922	-0.000920382	-0.002041194	0.003274103
11.2136	-0.001425084	-0.002054803	0.003452517
11.235	-0.001967173	-0.001996079	0.003667403
11.2564	-0.002542584	-0.001889478	0.003882637
11.2778	-0.003127804	-0.001776942	0.004066932
11.2992	-0.003678957	-0.001707524	0.004199571
11.3206	-0.004139049	-0.001726087	0.00427206
11.342	-0.004448826	-0.001862789	0.004286492
11.3634	-0.004558883	-0.00212454	0.004251809
11.3848	-0.004442463	-0.002490902	0.004179434
11.4062	-0.004106769	-0.002917598	0.004080372
11.4276	-0.003595507	-0.003348196	0.003964707
11.449	-0.002977126	-0.003729932	0.003842704
11.4704	-0.00232296	-0.004026244	0.003725039
11.4918	-0.001687138	-0.004221127	0.00362091
11.5132	-0.001098645	-0.00431601	0.003534587
11.5346	-0.000567023	-0.004324402	0.003462588
11.556	-9.48302E-05	-0.004268622	0.003394087
11.5774	0.00031323	-0.004177964	0.003314965
11.5988	0.000649793	-0.004084796	0.003213899
11.6202	0.00091156	-0.004017215	0.003087534
11.6416	0.001106801	-0.003990635	0.00294235
11.663	0.001258165	-0.004002579	0.002792019
11.6844	0.001398247	-0.004032995	0.002651771
11.7058	0.001559035	-0.004049756	0.002533331
11.7272	0.001759252	-0.004017177	0.00244299
11.7486	0.001995426	-0.003906428	0.002382664
11.77	0.002242432	-0.003705679	0.002351936
11.7914	0.002464227	-0.003426396	0.002349554
11.8128	0.00262842	-0.003101684	0.002374536
11.8342	0.002716162	-0.002776562	0.002427378
11.8556	0.002723658	-0.002494212	0.002510258
11.877	0.002657661	-0.002284401	0.002624981
11.8984	0.002530623	-0.002158642	0.00277007
11.9198	0.002359832	-0.002112871	0.002938802
11.9412	0.002169875	-0.002134165	0.003119232
11.9626	0.001993631	-0.002206777	0.003295335
11.984	0.001867589	-0.002315082	0.003449249
12.0054	0.001822574	-0.002445162	0.003565009
12.0268	0.00187484	-0.002587272	0.00363307
12.0482	0.002021692	-0.002738659	0.003653117
12.0696	0.002242526	-0.002904248	0.00363288
12.091	0.002503172	-0.003093813	0.003583136
12.1124	0.002761804	-0.003316197	0.003512217
12.1338	0.002976575	-0.003572651	0.003423749
12.1552	0.003114583	-0.003852445	0.003319294
12.1766	0.003158495	-0.004133986	0.003204091
12.198	0.003107843	-0.004391173	0.003090652
12.2194	0.002975393	-0.004600978	0.002996291
12.2408	0.002781141	-0.004747292	0.00293459
12.2622	0.002546257	-0.004819903	0.00290618
12.2836	0.002288971	-0.004811206	0.002895197
12.305	0.002022944	-0.004715014	0.002873769
12.3264	0.001757244	-0.004528566	0.002811287
12.3478	0.00149749	-0.004256442	0.002683493
12.3692	0.001248732	-0.003913827	0.002478238
12.3906	0.001019551	-0.003527349	0.00219797
12.412	0.000824243	-0.003133031	0.001860202
12.4334	0.000680755	-0.002770982	0.001495898
12.4548	0.000605297	-0.002477017	0.001143807
12.4762	0.000606498	-0.002272836	0.000840718
12.4976	0.000680837	-0.002158408	0.000611035
12.519	0.000810025	-0.002110125	0.000461349
12.5404	0.000961276	-0.002086056	0.000382271
12.5618	0.00109191	-0.002036227	0.000355343
12.5832	0.001158651	-0.001914462	0.000359478
12.6046	0.001128879	-0.001688673	0.000373576
12.626	0.000989199	-0.001347931	0.000376237
12.6474	0.000748772	-0.0009052	0.000345893
12.6688	0.00043797	-0.000394569	0.00026376
12.6902	0.000103924	0.000136937	0.000119489
12.7116	-0.000197298	0.000641081	-8.29598E-05
12.733	-0.000412529	0.0010801	-0.000321825
12.7544	-0.000505297	0.001434573	-0.000558552
12.7758	-0.00046631	0.00170599	-0.000743999
12.7972	-0.000315495	0.001913533	-0.000829535
12.8186	-9.49568E-05	0.002085254	-0.000780625
12.84	0.000143174	0.002246219	-0.000588339
12.8614	0.000348336	0.002408015	-0.000272989
12.8828	0.00047962	0.002563829	0.000122731
12.9042	0.000511713	0.002689688	0.000548162
12.9256	0.000440114	0.002750877	0.000959554
12.947	0.000283138	0.002711654	0.001329276
12.9684	7.65867E-05	0.002545724	0.001646539
12.9898	-0.000138344	0.002243835	0.001911287
13.0112	-0.000328177	0.001814734	0.002126232
13.0326	-0.000475112	0.001279675	0.00229174
13.054	-0.000577962	0.00066536	0.002405635
13.0754	-0.000647595	9.11518E-07	0.002467052
13.0968	-0.000699371	-0.00068084	0.00248136
13.1182	-0.00074488	-0.00134251	0.00246263
13.1396	-0.000785841	-0.001945399	0.002431992
13.161	-0.00081259	-0.002456251	0.002412061
13.1824	-0.000808843	-0.002854193	0.00241976
13.2038	-0.000761768	-0.003134329	0.002460235
13.2252	-0.000670752	-0.003306145	0.002524687
13.2466	-0.000547345	-0.003387279	0.002593577
13.268	-0.000406156	-0.003395582	0.002644204
13.2894	-0.000253186	-0.003343463	0.002659646
13.3108	-7.97809E-05	-0.003237772	0.002635031
13.3322	0.000135398	-0.00308509	0.002578427
13.3536	0.000418812	-0.00289842	0.00250564
13.375	0.000791785	-0.002700364	0.002431881
13.3964	0.001260986	-0.002520527	0.002365491
13.4178	0.001814103	-0.002388998	0.002307438
13.4392	0.002422604	-0.002329608	0.002255732
13.4606	0.003048187	-0.002355735	0.002210499
13.482	0.003648687	-0.002468308	0.002175909
13.5034	0.004182203	-0.002655042	0.002157899
13.5248	0.004611731	-0.002892155	0.002159496
13.5462	0.004911945	-0.003150742	0.002176422
13.5676	0.005075863	-0.003406664	0.00219506
13.589	0.005115931	-0.003648377	0.002194003
13.6104	0.005057137	-0.003877641	0.002148618
13.6318	0.004926278	-0.004103938	0.002037532
13.6532	0.004744294	-0.004336841	0.001848824
13.6746	0.004525006	-0.004579989	0.001584276
13.696	0.004277055	-0.004828258	0.001260681
13.7174	0.004005337	-0.005067621	0.000907749
13.7388	0.003711943	-0.005276178	0.000562463
13.7602	0.00339846	-0.005426018	0.000261318
13.7816	0.003069001	-0.00548709	3.29576E-05
13.803	0.002731635	-0.005434132	-0.000106954
13.8244	0.002395923	-0.005254391	-0.0001575
13.8458	0.002066917	-0.004952668	-0.000130652
13.8672	0.001740694	-0.004551139	-4.62472E-05
13.8886	0.001407792	-0.004083723	7.45196E-05
13.91	0.001064753	-0.003587193	0.000214641
13.9314	0.000724269	-0.003091981	0.000363868
13.9528	0.000413366	-0.002616684	0.000517786
13.9742	0.000160449	-0.002167734	0.000674789
13.9956	-1.81967E-05	-0.001742913	0.00083328
14.017	-0.000123799	-0.001336371	0.000990935
14.0384	-0.000172027	-0.000942804	0.001145375
14.0598	-0.000185955	-0.00055986	0.001294452
14.0812	-0.000188548	-0.000189955	0.001434927
14.1026	-0.000196761	0.000157746	0.001560481
14.124	-0.000220825	0.000466803	0.00166025
14.1454	-0.00026964	0.00071669	0.001718752
14.1668	-0.000356248	0.000890172	0.001718068
14.1882	-0.000496557	0.000981442	0.001642888
14.2096	-0.000701691	0.001000482	0.001487441
14.231	-0.000970421	0.000971283	0.001261363
14.2524	-0.001286994	0.000925014	0.000991322
14.2738	-0.001624548	0.000891662	0.000716361
14.2952	-0.001952158	0.000893537	0.000477621
14.3166	-0.002244206	0.000942481	0.000306133
14.338	-0.002488606	0.00104061	0.000214054
14.3594	-0.002688928	0.00118278	0.000192702
14.3808	-0.002857945	0.001357844	0.000217229
14.4022	-0.003006425	0.001547903	0.00025497
14.4236	-0.003134548	0.001728984	0.000273772
14.445	-0.003231569	0.001876563	0.000248086
14.4664	-0.003283389	0.001974459	0.00016203
14.4878	-0.003282035	0.002021606	1.04499E-05
14.5092	-0.003230601	0.002033015	-0.000200723
14.5306	-0.003141641	0.00203561	-0.000454676
14.552	-0.003031769	0.002060615	-0.000725701
14.5734	-0.00291715	0.002133934	-0.000984516
14.5948	-0.002812703	0.002267337	-0.00120585
14.6162	-0.002733097	0.002454552	-0.00137475
14.6376	-0.002691965	0.002674511	-0.001488021
14.659	-0.002697852	0.002899141	-0.001550457
14.6804	-0.002750013	0.003100362	-0.001568608
14.7018	-0.002838581	0.003253769	-0.001546406
14.7232	-0.002949446	0.003340915	-0.001484824
14.7446	-0.003069894	0.003352635	-0.001384847
14.766	-0.003191369	0.003292137	-0.001251326
14.7874	-0.003309344	0.003174806	-0.001095302
14.8088	-0.00342112	0.003023622	-0.000933396
14.8302	-0.003522141	0.002862057	-0.000784063
14.8516	-0.003602979	0.002707471	-0.00066168
14.873	-0.003649814	0.002567419	-0.0005708
14.8944	-0.00364905	0.002440041	-0.000503424
14.9158	-0.003592907	0.00231827	-0.000441477
14.9372	-0.003481682	0.00219536	-0.000364439
14.9586	-0.003320997	0.002068487	-0.000259215
14.98	-0.003117268	0.00193891	-0.000127341
15.0014	-0.002876081	0.00180987	1.47509E-05
15.0228	-0.00260526	0.001684637	0.000142506
15.0442	-0.002319101	0.001565403	0.00023313
15.0656	-0.002039083	0.001452778	0.000273504
15.087	-0.001789198	0.00134581	0.000263028
15.1084	-0.001589438	0.001242988	0.000211961
15.1298	-0.001451122	0.001144081	0.000136977
15.1512	-0.001374949	0.001052003	5.60524E-05
15.1726	-0.001351452	0.000972643	-1.55951E-05
15.194	-0.001364906	0.000911557	-6.72724E-05
15.2154	-0.001399968	0.000869346	-9.22066E-05
15.2368	-0.001446826	0.000838988	-8.61345E-05
15.2582	-0.001500528	0.000806282	-4.71295E-05
15.2796	-0.001554681	0.000752202	2.28719E-05
15.301	-0.001594945	0.000655818	0.000116486
15.3224	-0.001598225	0.000498695	0.000221692
15.3438	-0.001538648	0.000271262	0.000325946
15.3652	-0.001396285	-2.0922E-05	0.000422436
15.3866	-0.001162916	-0.000355256	0.00051557
15.408	-0.000842653	-0.000696775	0.000622184
15.4294	-0.000449455	-0.001007651	0.000766672
15.4508	-5.06315E-06	-0.001257905	0.000971937
15.4722	0.000462354	-0.001433442	0.001250489
15.4936	0.000921359	-0.001537983	0.001599091
15.515	0.001343261	-0.00158787	0.001998125
15.5364	0.001708617	-0.001602518	0.002415563
15.5578	0.002010316	-0.00159581	0.002814835
15.5792	0.002250151	-0.001572492	0.003164503
15.6006	0.002430017	-0.00153009	0.003446202
15.622	0.002543656	-0.001463587	0.003657092
15.6434	0.002575865	-0.001370194	0.003806232
15.6648	0.002511385	-0.001252956	0.003907778
15.6862	0.002348674	-0.001122186	0.003975622
15.7076	0.002108843	-0.000993522	0.004022001
15.729	0.001832633	-0.000882918	0.00405946
15.7504	0.001566089	-0.000800845	0.004103308
15.7718	0.001343417	-0.000749217	0.004171938
15.7932	0.001178035	-0.000722668	0.00428387
15.8146	0.001067169	-0.00071263	0.004452258
15.836	0.001004943	-0.000711051	0.004679016
15.8574	0.000992393	-0.000711965	0.004951954
15.8788	0.001036812	-0.000710685	0.005247104
15.9002	0.001142529	-0.000701725	0.005535494
15.9216	0.001301008	-0.000677653	0.005790893
15.943	0.001487457	-0.000631135	0.005995127
15.9644	0.001666333	-0.000560267	0.00613971
15.9858	0.001803075	-0.000473861	0.006224332
16.0072	0.001876013	-0.000392012	0.006253408
16.0286	0.001883006	-0.000339985	0.00623272
16.05	0.001840915	-0.000337985	0.00616803
16.0714	0.001779436	-0.00039325	0.006066507
16.0928	0.001732021	-0.000499501	0.005939598
16.1142	0.001726241	-0.000644132	0.005803996
16.1356	0.001776071	-0.000817278	0.005678422
16.157	0.00187917	-0.001016074	0.005577065
16.1784	0.002021014	-0.001241139	0.005503866
16.1998	0.002183755	-0.001488133	0.005450699
16.2212	0.002353894	-0.001739971	0.005400319
16.2426	0.002524299	-0.001964959	0.005331944
16.264	0.002691196	-0.002123419	0.005227388
16.2854	0.002848914	-0.002180473	0.005075718
16.3068	0.002986171	-0.002118791	0.004875253
16.3282	0.003087181	-0.001944815	0.004631896
16.3496	0.003137642	-0.001685191	0.004354353
16.371	0.00313259	-0.00137515	0.004049565
16.3924	0.003081675	-0.001044916	0.003721265
16.4138	0.003007405	-0.000711322	0.003372027
16.4352	0.002935991	-0.000378376	0.003005958
16.4566	0.002886275	-4.4718E-05	0.002629117
16.478	0.002864126	0.000287139	0.00224755
16.4994	0.002864345	0.000604913	0.001865427
16.5208	0.002876568	0.000886757	0.001485342
16.5422	0.002891259	0.001107605	0.001109868
16.5636	0.002904199	0.001248076	0.000742155
16.585	0.002918642	0.001301402	0.000385097
16.6064	0.002943727	0.001275374	4.09869E-05
16.6278	0.002988321	0.001188866	-0.000287005
16.6492	0.003053009	0.001064755	-0.000592597
16.6706	0.003126776	0.000922427	-0.000865825
16.692	0.003192472	0.000772761	-0.001095445
16.7134	0.003238028	0.000617554	-0.001273203
16.7348	0.003265003	0.000453139	-0.001398116
16.7562	0.0032871	0.000275822	-0.001478392
16.7776	0.003318334	8.5687E-05	-0.001529747
16.799	0.003358292	-0.000112891	-0.001570434
16.8204	0.003384236	-0.000312868	-0.00161537
16.8418	0.003355106	-0.000506538	-0.001672823
16.8632	0.003225741	-0.000687554	-0.001744736
16.8846	0.002964496	-0.000852713	-0.001828797
16.906	0.002565846	-0.001002721	-0.001919245
16.9274	0.002052725	-0.001141063	-0.002006255
16.9488	0.001469436	-0.00127179	-0.002076581
16.9702	0.000869837	-0.001397939	-0.002117524
16.9916	0.000305777	-0.001521115	-0.002122504
17.013	-0.000180874	-0.001640709	-0.002094271
17.0344	-0.000562545	-0.001752018	-0.002043438
17.0558	-0.000828548	-0.001844982	-0.001983756
17.0772	-0.000986721	-0.001906381	-0.001927412
17.0986	-0.00106144	-0.001926005	-0.0018833
17.12	-0.001085807	-0.00190326	-0.001858822
17.1414	-0.001090826	-0.001849515	-0.001863727
17.1628	-0.001097167	-0.001783887	-0.001912818
17.1842	-0.001113576	-0.00172523	-0.002024972
17.2056	-0.001142311	-0.00168589	-0.00221798
17.227	-0.001188009	-0.001670925	-0.002501392
17.2484	-0.001264391	-0.001681654	-0.002870583
17.2698	-0.001394529	-0.001718914	-0.003304764
17.2912	-0.001603732	-0.001783058	-0.003770475
17.3126	-0.0019081	-0.001871722	-0.004229555
17.334	-0.002304513	-0.001978621	-0.004647677
17.3554	-0.002767514	-0.002094625	-0.004999243
17.3768	-0.003254263	-0.002209809	-0.005267275
17.3982	-0.003714324	-0.002314451	-0.005440879
17.4196	-0.004100351	-0.002398878	-0.005514348
17.441	-0.004376855	-0.002453488	-0.005489392
17.4624	-0.004525276	-0.002470124	-0.005378353
17.4838	-0.004544114	-0.002444417	-0.005204357
17.5052	-0.004443996	-0.002377425	-0.004996708
17.5266	-0.00424094	-0.002274627	-0.004783789
17.548	-0.003952131	-0.002142569	-0.004587558
17.5694	-0.003595934	-0.001985192	-0.004422374
17.5908	-0.003193541	-0.001801179	-0.004296786
17.6122	-0.002768098	-0.001582616	-0.004215461
17.6336	-0.002339464	-0.001316225	-0.004178939
17.655	-0.001918146	-0.000988653	-0.004182115
17.6764	-0.001504157	-0.00059445	-0.004213395
17.6978	-0.001092652	-0.000142097	-0.004256343
17.7192	-0.000682714	0.000346303	-0.004293845
17.7406	-0.00028273	0.0008422	-0.004312955
17.762	9.13011E-05	0.001320945	-0.004308333
17.7834	0.000422086	0.001769542	-0.004282609
17.8048	0.000695981	0.00218701	-0.004243653
17.8262	0.000903896	0.002577094	-0.004199988
17.8476	0.00104117	0.002937804	-0.004156416
17.869	0.001110292	0.003254465	-0.004111646
17.8904	0.00112464	0.003500949	-0.004058365
17.9118	0.001107501	0.003648661	-0.003985354
17.9332	0.001085416	0.003678379	-0.003881206
17.9546	0.001081346	0.003589284	-0.003738755
17.976	0.001112194	0.003401141	-0.003559011
17.9974	0.001188164	0.003148617	-0.003352909
18.0188	0.001309345	0.002869665	-0.003138679
18.0402	0.001460672	0.002592897	-0.002934752
18.0616	0.001611536	0.002329977	-0.002751203
18.083	0.001723412	0.002076989	-0.002585131
18.1044	0.001762732	0.001823638	-0.002423598
18.1258	0.001712284	0.001564738	-0.002253187
18.1472	0.001576155	0.001307849	-0.00207058
18.1686	0.001377307	0.001073292	-0.001887692
18.19	0.001150536	0.000887239	-0.001728105
18.2114	0.000934052	0.000771916	-0.001615837
18.2328	0.000762144	0.000737455	-0.001562094
18.2542	0.000659656	0.000777493	-0.001557848
18.2756	0.000639369	0.000868435	-0.001577877
18.297	0.000704161	0.000972509	-0.001594281
18.3184	0.000852951	0.001044765	-0.001591277
18.3398	0.001084206	0.001043282	-0.00157281
18.3612	0.00139082	0.000940029	-0.001559997
18.3826	0.001749808	0.000728859	-0.001581582
18.404	0.00211888	0.000427738	-0.001662062
18.4254	0.002447518	7.41868E-05	-0.001812062
18.4468	0.002696292	-0.000284769	-0.002024287
18.4682	0.002850971	-0.000605232	-0.002276337
18.4896	0.002923351	-0.000857427	-0.002538601
18.511	0.002940071	-0.001030761	-0.002782879
18.5324	0.002925896	-0.001131022	-0.002988277
18.5538	0.002890011	-0.001172067	-0.0031427
18.5752	0.002823613	-0.001167354	-0.003240564
18.5966	0.002710503	-0.001126084	-0.003279328
18.618	0.002542756	-0.001054717	-0.003257455
18.6394	0.002330191	-0.000961206	-0.003174986
18.6608	0.002098821	-0.000858591	-0.003035392
18.6822	0.001882581	-0.000765107	-0.002846235
18.7036	0.001714254	-0.000700174	-0.002617156
18.725	0.001617681	-0.000677928	-0.002356636
18.7464	0.001601199	-0.000701997	-0.002070247
18.7678	0.001654067	-0.000764544	-0.001762234
18.7892	0.001748965	-0.000849728	-0.00143894
18.8106	0.001850517	-0.00093919	-0.001111102
18.832	0.001925963	-0.001017104	-0.000793109
18.8534	0.001953726	-0.001073302	-0.000499907
18.8748	0.001927013	-0.001104502	-0.000243641
18.8962	0.001851766	-0.001114159	-3.15076E-05
18.9176	0.001741435	-0.001111864	0.00013563
18.939	0.001611997	-0.001112073	0.000264073
18.9604	0.001479008	-0.001131489	0.000366793
18.9818	0.001356473	-0.001185552	0.00046043
19.0032	0.00125534	-0.001285959	0.00056004
19.0246	0.001179637	-0.001439314	0.000674188
19.046	0.001121424	-0.001645729	0.000803037
19.0674	0.001059008	-0.00189592	0.000940395
19.0888	0.000961649	-0.002168989	0.001078654
19.1102	0.000799277	-0.002434353	0.001213424
19.1316	0.000552576	-0.0026593	0.001344245
19.153	0.00021881	-0.002818803	0.001469969
19.1744	-0.000189468	-0.002902062	0.001582112
19.1958	-0.000652023	-0.002912455	0.001661783
19.2172	-0.001150217	-0.002861261	0.001683738
19.2386	-0.00167293	-0.002759461	0.00162539
19.26	-0.002215635	-0.002612309	0.001475287
19.2814	-0.002772597	-0.002419692	0.00123599
19.3028	-0.003326573	-0.002181438	0.000920787
19.3242	-0.003843807	-0.001903829	0.000547504
19.3456	-0.004279863	-0.001603094	0.000133658
19.367	-0.004593406	-0.001304501	-0.000305073
19.3884	-0.004760128	-0.001038167	-0.000753694
19.4098	-0.004779542	-0.000833439	-0.001196679
19.4312	-0.004672197	-0.000712625	-0.001618761
19.4526	-0.00447058	-0.0006847	-0.00200776
19.474	-0.004211274	-0.00074056	-0.002357312
19.4954	-0.003933064	-0.000852473	-0.002667335
19.5168	-0.003677721	-0.000979635	-0.002942156
19.5382	-0.003486438	-0.001079339	-0.003187723
19.5596	-0.003390284	-0.001119076	-0.003409909
19.581	-0.003400194	-0.001083414	-0.003615
19.6024	-0.003502739	-0.000973528	-0.003812138
19.6238	-0.003663403	-0.000802211	-0.004015707
19.6452	-0.00383516	-0.000588127	-0.004245214
19.6666	-0.003969815	-0.000351617	-0.004521026
19.688	-0.004029393	-0.000112487	-0.004857167
19.7094	-0.003993119	0.000110489	-0.005255203
19.7308	-0.003857678	0.000300459	-0.005702827
19.7522	-0.003632143	0.000444902	-0.006176852
19.7736	-0.003331497	0.000538526	-0.006647895
19.795	-0.002971531	0.000583971	-0.007084786
19.8164	-0.00256606	0.000589342	-0.007458638
19.8378	-0.002126414	0.000564095	-0.007746988
19.8592	-0.001662812	0.000516517	-0.007937799
19.8806	-0.001187159	0.000454183	-0.008031656
19.902	-0.00071679	0.000385631	-0.00804138
19.9234	-0.000277007	0.000319675	-0.007988954
19.9448	0.000101043	0.000261128	-0.007900824
19.9662	0.000387785	0.000205585	-0.007801877
19.9876	0.000563136	0.000137682	-0.007708834
20.009	0.00061895	3.57583E-05	-0.007625897
20.0304	0.000555882	-0.000118299	-0.007545035
20.0518	0.000379909	-0.000328234	-0.007450778
20.0732	0.000101601	-0.000577249	-0.007326102
20.0946	-0.000264003	-0.000829956	-0.007156609
20.116	-0.000699484	-0.00104302	-0.0069329
20.1374	-0.001187888	-0.001181051	-0.006652051
20.1588	-0.001712241	-0.001230247	-0.006318336
20.1802	-0.002250494	-0.00120246	-0.005942586
20.2016	-0.002770661	-0.00112786	-0.005540401
20.223	-0.003233853	-0.001040491	-0.005129512
20.2444	-0.003605567	-0.000964485	-0.004727189
20.2658	-0.003866088	-0.00090678	-0.004348433
20.2872	-0.004012083	-0.000857892	-0.004005498
20.3086	-0.0040519	-0.000798741	-0.00370848
20.33	-0.004002417	-0.000710226	-0.003466204
20.3514	-0.00388929	-0.000581499	-0.003285986
20.3728	-0.003746601	-0.000412262	-0.003171285
20.3942	-0.00361241	-0.000208075	-0.003118064
20.4156	-0.003521219	2.71043E-05	-0.003112291
20.437	-0.003495702	0.000295256	-0.003131327
20.4584	-0.003540025	0.000602826	-0.003149405
20.4798	-0.003637476	0.000955155	-0.003144919
20.5012	-0.003754347	0.00135125	-0.003106183
20.5226	-0.003849543	0.001782867	-0.003033278
20.544	-0.003886929	0.002239268	-0.002935345
20.5654	-0.003846361	0.002714184	-0.002824907
20.5868	-0.003729909	0.003208621	-0.002712217
20.6082	-0.003560807	0.003726485	-0.002602092
20.6296	-0.003375857	0.004266566	-0.002494561
20.651	-0.003214736	0.004816719	-0.002387828
20.6724	-0.003111072	0.005353409	-0.002281499
20.6938	-0.00308788	0.005846948	-0.002177644
20.7152	-0.003156456	0.006270021	-0.002078965
20.7366	-0.003315684	0.006605588	-0.001985941
20.758	-0.003550824	0.006849724	-0.001895052
20.7794	-0.003834101	0.007007819	-0.001799417
20.8008	-0.004128761	0.007087266	-0.001690776
20.8222	-0.004395584	0.007092746	-0.00156148
20.8436	-0.004598645	0.007028269	-0.00140565
20.865	-0.004709089	0.006903595	-0.001219884
20.8864	-0.004708147	0.006738047	-0.001004439
20.9078	-0.004589759	0.006557004	-0.000764827
20.9292	-0.00436011	0.006382754	-0.000511801
20.9506	-0.004033174	0.006226187	-0.000257237
20.972	-0.003625897	0.006084693	-6.64818E-06
20.9934	-0.00315759	0.005947225	0.000246481
21.0148	-0.002652763	0.005802122	0.000519744
21.0362	-0.002143325	0.005642449	0.000834225
21.0576	-0.001666925	0.005466704	0.001204795
21.079	-0.001261621	0.00527682	0.001633608
21.1004	-0.000958983	0.005077151	0.002108909
21.1218	-0.000777081	0.004876016	0.002607629
21.1432	-0.000715275	0.004687513	0.003099327
21.1646	-0.000753816	0.004529656	0.003550986
21.186	-0.000860281	0.004417788	0.003934122
21.2074	-0.001000748	0.004356299	0.004233256
21.2288	-0.001149807	0.004333758	0.004451254
21.2502	-0.001295143	0.004324294	0.004607074
21.2716	-0.001436783	0.004295324	0.004726734
21.293	-0.00158218	0.004219089	0.004833422
21.3144	-0.001739269	0.00408338	0.004942743
21.3358	-0.001911457	0.003895881	0.005062848
21.3572	-0.002096816	0.003678827	0.005195772
21.3786	-0.002288937	0.003455918	0.005337485
21.4	-0.002476295	0.003238982	0.005477442
21.4214	-0.002641033	0.003021987	0.005599405
21.4428	-0.002761614	0.002785449	0.005684063
21.4642	-0.002821176	0.002507387	0.005712716
21.4856	-0.002817249	0.002173772	0.005670988
21.507	-0.002765037	0.001782205	0.005551442
21.5284	-0.002690244	0.00133834	0.005354749
21.5498	-0.002614778	0.000850136	0.005089956
21.5712	-0.002544288	0.000326069	0.004773883
21.5926	-0.002464724	-0.000221536	0.004429508
21.614	-0.002348548	-0.000772415	0.004082444
21.6354	-0.002167644	-0.001298661	0.003756082
21.6568	-0.001907547	-0.001770956	0.003466724
21.6782	-0.001576435	-0.002167332	0.003220651
21.6996	-0.001204435	-0.002478766	0.003013916
21.721	-0.000833628	-0.002707154	0.002834853
21.7424	-0.000502886	-0.002857233	0.002667839
21.7638	-0.000235096	-0.002928112	0.002496835
21.7852	-3.38526E-05	-0.002910385	0.002307706
21.8066	0.000110149	-0.002790918	0.002089782
21.828	0.000209259	-0.002563253	0.00183721
21.8494	0.000271752	-0.002238393	0.001550205
21.8708	0.00030052	-0.001850054	0.001235776
21.8922	0.00029733	-0.001451405	0.000907829
21.9136	0.00026925	-0.001103805	0.000585987
21.935	0.000232034	-0.000861197	0.000291966
21.9564	0.000206142	-0.000755552	4.32212E-05
21.9778	0.000207533	-0.000788753	-0.00015379
21.9992	0.000241386	-0.000933174	-0.000306458
22.0206	0.000302883	-0.001140448	-0.000432411
22.042	0.000382584	-0.001355559	-0.000551382
22.0634	0.000470892	-0.001532169	-0.000677494
22.0848	0.000559377	-0.001644332	-0.000816773
22.1062	0.000639352	-0.001690634	-0.000970125
22.1276	0.000700076	-0.001689844	-0.00113821
22.149	0.000728206	-0.001670537	-0.001324056
22.1704	0.000710179	-0.001658366	-0.001532194
22.1918	0.000637708	-0.001664904	-0.001765815
22.2132	0.000513907	-0.001682399	-0.00202407
22.2346	0.000355866	-0.001687279	-0.002300918
22.256	0.000191094	-0.001650834	-0.002585854
22.2774	4.85313E-05	-0.00155113	-0.002865398
22.2988	-5.12962E-05	-0.001379818	-0.003124907
22.3202	-0.000101859	-0.001141644	-0.003350263
22.3416	-0.0001099	-0.000849223	-0.003529731
22.363	-8.99203E-05	-0.000516857	-0.0036561
22.3844	-5.64456E-05	-0.000156429	-0.003729034
22.4058	-1.59015E-05	0.000223559	-0.003756011
22.4272	3.91647E-05	0.000615528	-0.003750972
22.4486	0.000129781	0.001009399	-0.00373087
22.47	0.000282512	0.001391084	-0.003711131
22.4914	0.000517143	0.001744704	-0.003701864
22.5128	0.000837155	0.002057317	-0.003706657
22.5342	0.001228056	0.002322403	-0.003724571
22.5556	0.001663042	0.002539473	-0.003754006
22.577	0.002111528	0.002710559	-0.003795493
22.5984	0.00254663	0.002836032	-0.003851331
22.6198	0.002949666	0.002913056	-0.003922506
22.6412	0.003311997	0.002938543	-0.004005235
22.6626	0.003634875	0.002914803	-0.004089463
22.684	0.003926815	0.002853067	-0.004160391
22.7054	0.004197641	0.002770651	-0.004202062
22.7268	0.004450827	0.002682807	-0.004201349
22.7482	0.004678486	0.002595157	-0.004151317
22.7696	0.004862703	0.002502734	-0.004053076
22.791	0.004982185	0.002396159	-0.00391561
22.8124	0.00502201	0.002269603	-0.003753594
22.8338	0.004982374	0.002125224	-0.003583572
22.8552	0.004879988	0.001972462	-0.003419632
22.8766	0.004741091	0.001824252	-0.003271212
22.898	0.004591148	0.001692562	-0.003144873
22.9194	0.00444655	0.0015846	-0.003049831
22.9408	0.00431144	0.001500448	-0.00300297
22.9622	0.00417944	0.001432883	-0.003028563
22.9836	0.004037938	0.001369452	-0.003151268
23.005	0.003872769	0.001296417	-0.003385799
23.0264	0.003673674	0.00120337	-0.003729496
23.0478	0.00344005	0.001087301	-0.004162021
23.0692	0.003184699	0.000954354	-0.004651766
23.0906	0.002933037	0.00081838	-0.005164258
23.112	0.002717188	0.000697179	-0.005668378
23.1334	0.00256724	0.0006083	-0.006139256
23.1548	0.002503378	0.000565621	-0.006559122
23.1762	0.002531726	0.000575869	-0.006917687
23.1976	0.002643867	0.000634574	-0.00721221
23.219	0.002818493	0.000722753	-0.007447079
23.2404	0.003025424	0.000807675	-0.007632743
23.2618	0.003233398	0.000849513	-0.007783472
23.2832	0.003420544	0.000812259	-0.007913535
23.3046	0.003582479	0.000674963	-0.008032568
23.326	0.003733117	0.000439641	-0.008141365
23.3474	0.003897954	0.000133173	-0.008230201
23.3688	0.004104092	-0.000199172	-0.008280917
23.3902	0.004372349	-0.000507608	-0.008272651
23.4116	0.004713769	-0.000753455	-0.008188973
23.433	0.005127998	-0.000919581	-0.008023876
23.4544	0.005600659	-0.001012121	-0.007784228
23.4758	0.006101707	-0.001053778	-0.007487944
23.4972	0.006588922	-0.001072176	-0.007158401
23.5186	0.007017191	-0.001087968	-0.006817135
23.54	0.007349405	-0.001106758	-0.006477698
23.5614	0.007563361	-0.001117561	-0.006143783
23.5828	0.007653151	-0.00109892	-0.005812164
23.6042	0.007627336	-0.001029293	-0.005478458
23.6256	0.007505964	-0.000895448	-0.005141748
23.647	0.007315806	-0.00069473	-0.004805954
23.6684	0.007083767	-0.000433494	-0.004478617
23.6898	0.006829986	-0.000126251	-0.004169603
23.7112	0.006563437	0.000203268	-0.00389113
23.7326	0.006282433	0.000522768	-0.003657757
23.754	0.00598049	0.000796801	-0.003484787
23.7754	0.005654643	0.000995737	-0.003384177
23.7968	0.00531145	0.001103618	-0.003358785
23.8182	0.004967549	0.001121403	-0.003397104
23.8396	0.004645278	0.001064894	-0.003472141
23.861	0.004365952	0.000959024	-0.003546459
23.8824	0.004143471	0.000830795	-0.003582631
23.9038	0.003981119	0.000703166	-0.003554645
23.9252	0.003873348	0.000591441	-0.003455171
23.9466	0.003811223	0.00050215	-0.003295933
23.968	0.003787948	0.000433341	-0.003102567
23.9894	0.00380139	0.000376438	-0.002906413
24.0108	0.003851875	0.000319936	-0.002735435
24.0322	0.003936332	0.000254521	-0.00260528
24.0536	0.004042683	0.000177801	-0.002513135
24.075	0.004148689	9.63721E-05	-0.002437551
24.0964	0.004227125	2.35408E-05	-0.002345384
24.1178	0.00425356	-2.58791E-05	-0.002203341
24.1392	0.004211188	-4.0065E-05	-0.001988931
24.1606	0.004090529	-1.2016E-05	-0.001696979
24.182	0.003888457	6.05162E-05	-0.00134013
24.2034	0.003612115	0.000174544	-0.000944724
24.2248	0.003285349	0.000320238	-0.000544341
24.2462	0.002949871	0.000479656	-0.000172766
24.2676	0.002657198	0.000629128	0.000142817
24.289	0.002454746	0.000745442	0.000387647
24.3104	0.002372531	0.000812819	0.000562658
24.3318	0.002416155	0.000826257	0.000684219
24.3532	0.002567794	0.000789276	0.000780351
24.3746	0.002792655	0.000707928	0.00088464
24.396	0.003046389	0.00058573	0.001029687
24.4174	0.003281837	0.000423186	0.001242008
24.4388	0.003455797	0.00022181	0.001538686
24.4602	0.003536339	-1.04074E-05	0.001925806
24.4816	0.003509008	-0.000256324	0.002398828
24.503	0.003379033	-0.000492096	0.002945211
24.5244	0.003168327	-0.000694116	0.0035484
24.5458	0.002907866	-0.00084628	0.004191303
24.5672	0.002628746	-0.000943292	0.00485735
24.5886	0.002356749	-0.000989496	0.005529047
24.61	0.002112401	-0.000995126	0.006185287
24.6314	0.001912548	-0.000972343	0.006800062
24.6528	0.001768895	-0.000932236	0.007344996
24.6742	0.001684381	-0.000883545	0.007796102
24.6956	0.001652723	-0.000832795	0.008141456
24.717	0.001663469	-0.000785015	0.008384687
24.7384	0.001709467	-0.000744512	0.008541191
24.7598	0.001791636	-0.000714721	0.008628323
24.7812	0.001917936	-0.000697006	0.008655248
24.8026	0.002097048	-0.000689408	0.008617966
24.824	0.002330238	-0.000687649	0.008502313
24.8454	0.002606503	-0.000688884	0.008292756
24.8668	0.002903933	-0.000695841	0.00798163
24.8882	0.003195503	-0.000717268	0.007573585
24.9096	0.003455472	-0.000762023	0.007083761
24.931	0.003664188	-0.000830236	0.006532829
24.9524	0.003811716	-0.000908557	0.005943168
24.9738	0.003899162	-0.000975192	0.005338003
24.9952	0.003935444	-0.001013042	0.004741957
25.0166	0.003929475	-0.001021711	0.004180497
25.038	0.003882113	-0.001018975	0.003676877
25.0594	0.003784116	-0.00103052	0.003247433
25.0808	0.003623112	-0.00107551	0.002897191
25.1022	0.00339631	-0.001158089	0.00261808
25.1236	0.003119804	-0.001268817	0.002390894
25.145	0.002826928	-0.001392558	0.002191061
25.1664	0.002556446	-0.001516868	0.001996763
25.1878	0.002338854	-0.001637456	0.001796388
25.2092	0.002187524	-0.001760066	0.001592554
25.2306	0.002095824	-0.001899099	0.001401008
25.252	0.002039312	-0.002072856	0.001245141
25.2734	0.001983027	-0.002295953	0.001147988
25.2948	0.001893074	-0.002570513	0.001124632
25.3162	0.001749154	-0.002880283	0.001177802
25.3376	0.001552466	-0.003191254	0.001298125
25.359	0.001325201	-0.003459913	0.001468566
25.3804	0.001102164	-0.003646016	0.001671187
25.4018	0.000917843	-0.003723753	0.001892976
25.4232	0.000793395	-0.003686433	0.002127824
25.4446	0.000729707	-0.003543897	0.002373681
25.466	0.000710363	-0.003315261	0.002627238
25.4874	0.000711081	-0.003020898	0.00288004
25.5088	0.000708612	-0.002677144	0.003118203
25.5302	0.000684788	-0.002295028	0.003324585
25.5516	0.000627619	-0.001881779	0.00348091
25.573	0.000533291	-0.0014426	0.00356868
25.5944	0.000409356	-0.000981274	0.003570056
25.6158	0.000274951	-0.000500496	0.003470619
25.6372	0.000155773	-2.85788E-06	0.003264214
25.6586	7.61372E-05	0.000508021	0.002957905
25.68	5.20733E-05	0.001026723	0.002573383
25.7014	8.75874E-05	0.001544846	0.002142203
25.7228	0.00017411	0.002048561	0.00169528
25.7442	0.000293189	0.00251646	0.001251629
25.7656	0.00042176	0.002919972	0.000812567
25.787	0.000537138	0.00322745	0.000365205
25.8084	0.000619414	0.003410444	-0.000106272
25.8298	0.000652872	0.003449687	-0.000608185
25.8512	0.000628769	0.003339092	-0.001130835
25.8726	0.000547712	0.003087654	-0.001650895
25.894	0.000418531	0.0027188	-0.002140624
25.9154	0.000253301	0.002266913	-0.002578229
25.9368	6.19796E-05	0.001771385	-0.002953616
25.9582	-0.000149483	0.001269455	-0.003266631
25.9796	-0.000376226	0.00078916	-0.003519636
26.001	-0.000609309	0.000344564	-0.003709918
26.0224	-0.000832334	-6.45387E-05	-0.003827598
26.0438	-0.001022496	-0.000447019	-0.003860401
26.0652	-0.001156042	-0.000810881	-0.003802229
26.0866	-0.00121556	-0.001154547	-0.003660757
26.108	-0.001194515	-0.001463517	-0.003460742
26.1294	-0.001097205	-0.001713739	-0.00324251
26.1508	-0.000936006	-0.001879791	-0.003055617
26.1722	-0.000727661	-0.001944241	-0.002948894
26.1936	-0.000488383	-0.00190474	-0.002958392
26.215	-0.000229024	-0.001775326	-0.003096815
26.2364	4.71944E-05	-0.00158128	-0.003349259
26.2578	0.000342791	-0.001350596	-0.003678939
26.2792	0.00065963	-0.001107762	-0.004041152
26.3006	0.000990575	-0.00087277	-0.00439913
26.322	0.00131554	-0.000663428	-0.004733665
26.3434	0.001606367	-0.000496692	-0.005042506
26.3648	0.001837115	-0.000386601	-0.005331756
26.3862	0.001992279	-0.000340351	-0.005605088
26.4076	0.002069082	-0.000356328	-0.005855877
26.429	0.002074057	-0.000425994	-0.00606401
26.4504	0.002016223	-0.000537719	-0.006197466
26.4718	0.001900016	-0.000679309	-0.00621868
26.4932	0.001722459	-0.00083812	-0.006095444
26.5146	0.001477363	-0.001001297	-0.005813266
26.536	0.001164205	-0.001158464	-0.00538361
26.5574	0.00079439	-0.001305605	-0.004842299
26.5788	0.000389937	-0.001446295	-0.004237945
26.6002	-2.33852E-05	-0.001587918	-0.003616275
26.6216	-0.00042246	-0.001734586	-0.003008597
26.643	-0.000789089	-0.001881677	-0.002429654
26.6644	-0.001109544	-0.002015925	-0.00188382
26.6858	-0.001374536	-0.002120233	-0.001374338
26.7072	-0.001580027	-0.002179425	-0.000909216
26.7286	-0.001726797	-0.002183971	-0.000500255
26.75	-0.001818209	-0.002132324	-0.000157417
26.7714	-0.001858749	-0.002033057	0.000116772
26.7928	-0.001855344	-0.001906035	0.000328072
26.8142	-0.001820309	-0.001779783	0.000486881
26.8356	-0.001773008	-0.001683603	0.000603395
26.857	-0.001738382	-0.001637307	0.000685751
26.8784	-0.00174239	-0.001644358	0.000741793
26.8998	-0.001805795	-0.001691769	0.00078201
26.9212	-0.001938307	-0.001755828	0.000820204
26.9426	-0.002135347	-0.001810426	0.000870277
26.964	-0.002380073	-0.001835214	0.000941324
26.9854	-0.002650538	-0.00182092	0.001034281
27.0068	-0.002928213	-0.001770344	0.001141607
27.0282	-0.003203379	-0.00169542	0.001249435
27.0496	-0.003475838	-0.001612016	0.001341668
27.071	-0.003751997	-0.001534329	0.001405557
27.0924	-0.004041111	-0.00147096	0.001437775
27.1138	-0.004352838	-0.001425111	0.001447963
27.1352	-0.004695705	-0.001399045	0.001456612
27.1566	-0.005074748	-0.001398648	0.001487382
27.178	-0.005488342	-0.001432981	0.001557828
27.1994	-0.005926021	-0.001507735	0.00167297
27.2208	-0.00636872	-0.001617358	0.00182402
27.2422	-0.006791759	-0.00174276	0.001991361
27.2636	-0.00717047	-0.00185718	0.002149341
27.285	-0.007486713	-0.00193663	0.002270225
27.3064	-0.007733427	-0.001967796	0.002326936
27.3278	-0.007914728	-0.00194882	0.002296
27.3492	-0.008042119	-0.001884034	0.002162483
27.3706	-0.008130002	-0.001777497	0.001926292
27.392	-0.008192766	-0.001629786	0.001606643
27.4134	-0.008243453	-0.001438398	0.001240703
27.4348	-0.008293607	-0.00120007	0.000875538
27.4562	-0.008353442	-0.000913929	0.000556423
27.4776	-0.00843131	-0.000585485	0.000315643
27.499	-0.008530772	-0.000230489	0.000164916
27.5204	-0.008648086	0.000124226	9.34764E-05
27.5418	-0.008772794	0.000445259	7.30217E-05
27.5632	-0.008892211	0.000701166	6.80395E-05
27.5846	-0.008997367	0.000870784	4.75632E-05
27.606	-0.009086732	0.000947796	-6.25433E-06
27.6274	-0.009166917	0.000940711	-9.57004E-05
27.6488	-0.009248516	0.000869346	-0.000211008
27.6702	-0.009339628	0.000758515	-0.000336486
27.6916	-0.009440473	0.000629569	-0.000454793
27.713	-0.009540588	0.000492057	-0.000547586
27.7344	-0.009620061	0.000339578	-0.000594738
27.7558	-0.009653463	0.000153099	-0.000575801
27.7772	-0.009618129	-8.8725E-05	-0.000475154
27.7986	-0.009503936	-0.000397063	-0.000288419
27.82	-0.009319819	-0.000764748	-2.58808E-05
27.8414	-0.009091497	-0.001166189	0.000289537
27.8628	-0.008851734	-0.001564797	0.000627958
27.8842	-0.008629514	-0.001924229	0.000958816
27.9056	-0.008443357	-0.002218641	0.001255699
27.927	-0.008299562	-0.002439116	0.001499984
27.9484	-0.00819168	-0.002595597	0.001683795
27.9698	-0.008099683	-0.00271433	0.001811344
27.9912	-0.0079909	-0.00283022	0.001896629
28.0126	-0.007827351	-0.002974832	0.001957252
28.034	-0.007579135	-0.003163882	0.002006851
28.0554	-0.007235702	-0.003389592	0.002050295
28.0768	-0.006811061	-0.003622704	0.002083826
28.0982	-0.006339195	-0.00382356	0.002099158
28.1196	-0.00586039	-0.003956106	0.002088927
28.141	-0.005405548	-0.003997301	0.002051115
28.1624	-0.004987797	-0.003938025	0.00199161
28.1838	-0.004605977	-0.003777434	0.001923851
28.2052	-0.004256199	-0.003516069	0.001864947
28.2266	-0.003941921	-0.003153741	0.001829111
28.248	-0.003675115	-0.00269439	0.001821866
28.2694	-0.003468955	-0.002153971	0.001838104
28.2908	-0.003327393	-0.001564185	0.001864691
28.3122	-0.003238904	-0.000967959	0.001885588
28.3336	-0.003178579	-0.000409049	0.00188708
28.355	-0.003117618	7.7871E-05	0.001861292
28.3764	-0.003033702	0.000471609	0.00180719
28.3978	-0.002915156	0.00076368	0.00172933
28.4192	-0.002758777	0.000956094	0.001635485
28.4406	-0.002566571	0.001060198	0.001534797
28.462	-0.002344981	0.001095646	0.001438116
28.4834	-0.002104291	0.001087092	0.001360439
28.5048	-0.001856246	0.001058036	0.001322576
28.5262	-0.001612228	0.001024075	0.001348495
28.5476	-0.001384152	0.000989254	0.001457374
28.569	-0.001185677	0.000947904	0.001653705
28.5904	-0.00102984	0.00089125	0.001921535
28.6118	-0.000924212	0.000815636	0.002226961
28.6332	-0.000867897	0.000728239	0.002528061
28.6546	-0.000852956	0.000646797	0.002787319
28.676	-0.000868854	0.000592377	0.002981639
28.6974	-0.000907099	0.00057859	0.003107057
28.7188	-0.000963173	0.000603437	0.003177642
28.7402	-0.001034403	0.000648347	0.003218963
28.7616	-0.001115096	0.000684534	0.00325823
28.783	-0.001194127	0.000683156	0.003314545
28.8044	-0.001259157	0.00062469	0.003393019
28.8258	-0.001305958	0.000504343	0.003484686
28.8472	-0.001345452	0.000332586	0.003570826
28.8686	-0.001401428	0.00013132	0.003628365
28.89	-0.001498933	-7.24839E-05	0.003633928
28.9114	-0.001650735	-0.000252859	0.003567355
28.9328	-0.001849896	-0.000388449	0.003415885
28.9542	-0.002071044	-0.000463753	0.003177915
28.9756	-0.002277881	-0.000469669	0.002863514
28.997	-0.002433522	-0.000404366	0.002490088
29.0184	-0.002511522	-0.000273776	0.002075966
29.0398	-0.002505842	-9.17909E-05	0.00163623
29.0612	-0.002436278	0.00011967	0.001182773
29.0826	-0.002345464	0.00033097	0.000727084
29.104	-0.00228652	0.000507201	0.000282256
29.1254	-0.002306248	0.000614626	-0.000138003
29.1468	-0.002431074	0.000630379	-0.000523051
29.1682	-0.002660817	0.000550581	-0.000869154
29.1896	-0.00296974	0.000391467	-0.001181129
29.211	-0.003311473	0.000183183	-0.001470158
29.2324	-0.003626948	-3.93299E-05	-0.00174851
29.2538	-0.003857317	-0.000243626	-0.002024009
29.2752	-0.003960682	-0.000403884	-0.002297774
29.2966	-0.003926145	-0.000503683	-0.002566346
29.318	-0.003778194	-0.000539468	-0.00282617
29.3394	-0.003569433	-0.000524509	-0.003076962
29.3608	-0.003364269	-0.000490252	-0.003321809
29.3822	-0.003219037	-0.000480043	-0.003564682
29.4036	-0.00316439	-0.000533114	-0.003806486
29.425	-0.003196182	-0.000664235	-0.004041332
29.4464	-0.003278817	-0.00085039	-0.00425472
29.4678	-0.003360692	-0.001034284	-0.004426176
29.4892	-0.003395633	-0.001144696	-0.004536834
29.5106	-0.003360036	-0.001123897	-0.00457849
29.532	-0.003257815	-0.000949515	-0.004558361
29.5534	-0.003112225	-0.000642337	-0.004495553
29.5748	-0.002951116	-0.000257498	-0.004410094
29.5962	-0.002793995	0.000137239	-0.004310236
29.6176	-0.00264604	0.000486511	-0.004185384
29.639	-0.002499327	0.000764084	-0.004009159
29.6604	-0.002339288	0.000974211	-0.003751749
29.6818	-0.00215332	0.001139377	-0.00339582
29.7032	-0.001938188	0.00128281	-0.002948283
29.7246	-0.001702615	0.001415565	-0.002441871
29.746	-0.001463397	0.001533949	-0.001925819
29.7674	-0.001236347	0.001626447	-0.001450552
29.7888	-0.001027255	0.001684097	-0.001053902
29.8102	-0.000829064	0.00170806	-0.000754388
29.8316	-0.00062779	0.001711338	-0.000552224
29.853	-0.000413203	0.001714952	-0.000435378
29.8744	-0.000186427	0.001741389	-0.00038734
29.8958	3.95025E-05	0.001808377	-0.000393587
29.9172	0.000245795	0.001925187	-0.000444731
29.9386	0.00041687	0.002091362	-0.000535774
29.96	0.00054742	0.002297097	-0.00066339
29.9814	0.000644672	0.002524856	-0.000823503
30.0028	0.000726502	0.002752253	-0.001010801
30.0242	0.000817528	0.002955211	-0.0012205
30.0456	0.000943016	0.003110096	-0.001450962
30.067	0.001120381	0.003194844	-0.001704988
30.0884	0.001351094	0.003191309	-0.001988392
30.1098	0.00161844	0.003090501	-0.002306265
30.1312	0.001893143	0.002898497	-0.00265864
30.1526	0.002143898	0.002638289	-0.003037467
30.174	0.002346519	0.00234482	-0.003426505
30.1954	0.002487256	0.002054795	-0.003804138
30.2168	0.002561006	0.001796021	-0.004147781
30.2382	0.002568683	0.001581642	-0.004437615
30.2596	0.002516326	0.00141162	-0.004659187
30.281	0.002415048	0.00127899	-0.004805619
30.3024	0.002280496	0.00117571	-0.004879402
30.3238	0.002131289	0.001094639	-0.004891787
30.3452	0.001985678	0.001028724	-0.00485825
30.3666	0.001856738	0.000970929	-0.004791694
30.388	0.001748623	0.000916796	-0.00469709
30.4094	0.001657123	0.000866958	-0.004570687
30.4308	0.00157501	0.000825508	-0.004404169
30.4522	0.001498079	0.000793942	-0.004191551
30.4736	0.001427295	0.000765547	-0.003935012
30.495	0.001365892	0.00072503	-0.003645938
30.5164	0.001314322	0.000654077	-0.003340811
30.5378	0.001266872	0.000539815	-0.003034942
30.5592	0.001211815	0.000382372	-0.002738557
30.5806	0.001134775	0.000198018	-0.002457171
30.602	0.001022657	1.61837E-05	-0.002194182
30.6234	0.000865493	-0.000128295	-0.001952404
30.6448	0.000656128	-0.000203553	-0.001733102
30.6662	0.00038968	-0.000185649	-0.001533641
30.6876	6.36184E-05	-5.96723E-05	-0.001346011
30.709	-0.000320911	0.000180541	-0.001157994
30.7304	-0.000755892	0.000532064	-0.000956793
30.7518	-0.001221492	0.00098285	-0.000734309
30.7732	-0.001682497	0.001513208	-0.000491717
30.7946	-0.002090923	0.002098433	-0.00024119
30.816	-0.002396926	0.002711547	-3.85303E-06
30.8374	-0.002564772	0.003325285	0.000194709
30.8588	-0.002586607	0.003913731	0.00032881
30.8802	-0.002487136	0.004454835	0.000375384
30.9016	-0.002316624	0.004934095	0.00031608
30.923	-0.002135464	0.005347082	0.000140995
30.9444	-0.001996941	0.005697684	-0.000145945
30.9658	-0.001934848	0.005991171	-0.000523174
30.9872	-0.001960187	0.006225362	-0.000953276
31.0086	-0.002066187	0.006386169	-0.001391045
31.03	-0.002237216	0.006451343	-0.001793755
31.0514	-0.002457425	0.006400067	-0.002128518
31.0728	-0.002716042	0.006222691	-0.002374394
31.0942	-0.003007751	0.005926099	-0.002520972
31.1156	-0.003330253	0.00553301	-0.002566052
31.137	-0.003682661	0.005076908	-0.002514631
31.1584	-0.004064921	0.004594962	-0.00237934
31.1798	-0.004474933	0.004121466	-0.00218085
31.2012	-0.004901497	0.003683299	-0.001946156
31.2226	-0.005317435	0.003297416	-0.001703795
31.244	-0.005680166	0.002969201	-0.001477562
31.2654	-0.005942697	0.00269131	-0.001282191
31.2868	-0.006069718	0.002445076	-0.001123259
31.3082	-0.006050179	0.002206295	-0.001000935
31.3296	-0.005899794	0.001954185	-0.000914571
31.351	-0.005653243	0.001679763	-0.000864709
31.3724	-0.005350506	0.001389612	-0.000851672
31.3938	-0.005024216	0.001103219	-0.000872871
31.4152	-0.004694496	0.000845504	-0.000922155
31.4366	-0.004373134	0.000638858	-0.000992719
31.458	-0.004072247	0.000497552	-0.001081472
31.4794	-0.003809885	0.000424621	-0.001190787
31.5008	-0.003609235	0.000410454	-0.001324758
31.5222	-0.003492924	0.000434405	-0.001481205
31.5436	-0.003475189	0.000470845	-0.00164503
31.565	-0.003555101	0.000497707	-0.001788618
31.5864	-0.003714015	0.000502327	-0.00187994
31.6078	-0.003918514	0.000480663	-0.001893397
31.6292	-0.004128142	0.000431404	-0.001816865
31.6506	-0.004305125	0.00035039	-0.001651763
31.672	-0.004422323	0.000230113	-0.001408127
31.6934	-0.004466162	6.41269E-05	-0.001100233
31.7148	-0.004434739	-0.000148104	-0.000745873
31.7362	-0.004334384	-0.000400666	-0.000367645
31.7576	-0.004177661	-0.000685231	7.71688E-06
31.779	-0.003983111	-0.000995206	0.00035405
31.8004	-0.003774286	-0.001325706	0.000652779
31.8218	-0.003576082	-0.001669107	0.000898513
31.8432	-0.003409283	-0.002010637	0.001100432
31.8646	-0.003286451	-0.002328521	0.001278772
31.886	-0.003211059	-0.002599547	0.001457253
31.9074	-0.00317887	-0.002807105	0.001653957
31.9288	-0.003179137	-0.002946964	0.001874503
31.9502	-0.00319516	-0.00302654	0.002110689
31.9716	-0.003207035	-0.003057242	0.002344863
31.993	-0.003198959	-0.003045253	0.002557258
32.0144	-0.00316764	-0.002987396	0.002732172
32.0358	-0.003124024	-0.002875378	0.002860923
32.0572	-0.003083942	-0.00270552	0.002941592
32.0786	-0.003052786	-0.002487051	0.002976691
32.1	-0.003015752	-0.00224255	0.002970455
32.1214	-0.002941435	-0.001999315	0.002927132
32.1428	-0.00279673	-0.001777454	0.002850818
32.1642	-0.0025632	-0.001583433	0.002746313
32.1856	-0.002244651	-0.001413148	0.002619214
32.207	-0.001861389	-0.001260293	0.002473991
32.2284	-0.001436075	-0.001122101	0.002310391
32.2498	-0.000982684	-0.000998681	0.002120772
32.2712	-0.000506575	-0.000889559	0.001891762
32.2926	-1.42541E-05	-0.000792464	0.001611089
32.314	0.00047587	-0.00070509	0.001276463
32.3354	0.000931038	-0.000625681	0.00090138
32.3568	0.001313167	-0.000550349	0.00051467
32.3782	0.001594377	-0.000470211	0.000153472
32.3996	0.001768247	-0.000373648	-0.000147613
32.421	0.001848789	-0.000254936	-0.000366837
32.4424	0.001858788	-0.000123285	-0.000500489
32.4638	0.001816997	-4.02317E-06	-0.000561373
32.4852	0.001732256	7.09611E-05	-0.000572112
32.5066	0.001605087	7.77444E-05	-0.000556871
32.528	0.001432979	1.03162E-05	-0.00053525
32.5494	0.001216117	-0.000119257	-0.000520599
32.5708	0.000960868	-0.000288943	-0.00052211
32.5922	0.000679668	-0.000478086	-0.000547497
32.6136	0.000388523	-0.000676545	-0.000603263
32.635	0.000105186	-0.00088814	-0.000691876
32.6564	-0.00015238	-0.001127564	-0.000807801
32.6778	-0.000370464	-0.001411384	-0.000935367
32.6992	-0.000546167	-0.001746211	-0.00105095
32.7206	-0.000690469	-0.002119231	-0.001129034
32.742	-0.000825032	-0.002496841	-0.001149566
32.7634	-0.000975857	-0.002832981	-0.001103395
32.7848	-0.00116767	-0.003084014	-0.000994018
32.8062	-0.001418531	-0.00322302	-0.000834893
32.8276	-0.001732971	-0.003247416	-0.00064378
32.849	-0.002096224	-0.00317671	-0.000436412
32.8704	-0.002475766	-0.003042137	-0.000222239
32.8918	-0.002832337	-0.002873163	-4.08672E-06
32.9132	-0.003135265	-0.002686656	0.000218836
32.9346	-0.003372391	-0.002482331	0.000447162
32.956	-0.003548295	-0.002245664	0.000678857
32.9774	-0.003672784	-0.001956748	0.000908522
32.9988	-0.003749196	-0.001601588	0.001127517
33.0202	-0.00377122	-0.001180714	0.00132478
33.0416	-0.003728768	-0.000711976	0.001487179
33.063	-0.003615666	-0.000228271	0.001599951
33.0844	-0.003432729	0.000227778	0.001649819
33.1058	-0.00318635	0.00061143	0.00163068
33.1272	-0.002887756	0.000885845	0.001548603
33.1486	-0.002555129	0.001032144	0.001422204
33.17	-0.002215178	0.001055468	0.001276932
33.1914	-0.001900055	0.000983737	0.001136006
33.2128	-0.001640087	0.000859476	0.001013079
33.2342	-0.00145673	0.000728233	0.000910416
33.2556	-0.001359062	0.00062824	0.000822159
33.277	-0.001343463	0.000584299	0.000739989
33.2984	-0.001394858	0.000606465	0.00065872
33.3198	-0.001489713	0.000692453	0.000580358
33.3412	-0.001601411	0.000832597	0.000515191
33.3626	-0.001706465	0.001015002	0.000478924
33.384	-0.001788375	0.001228168	0.000486242
33.4054	-0.001837472	0.001460455	0.000543194
33.4268	-0.001848617	0.00169893	0.00064178
33.4482	-0.00181934	0.001929206	0.000759576
33.4696	-0.001748935	0.002136416	0.000865236
33.491	-0.001637666	0.002306494	0.000927905
33.5124	-0.001486505	0.00242786	0.00092706
33.5338	-0.001297965	0.002493168	0.000859475
33.5552	-0.001078294	0.00249995	0.000740956
33.5766	-0.000839853	0.002449045	0.00060215
33.598	-0.000601563	0.002342527	0.000479702
33.6194	-0.000386396	0.002183781	0.000405658
33.6408	-0.000217422	0.001980553	0.000399363
33.6622	-0.000114074	0.001747648	0.000464529
33.6836	-8.83022E-05	0.001506589	0.000591958
33.705	-0.00014006	0.001281675	0.000765715
33.7264	-0.000253222	0.001094331	0.000969713
33.7478	-0.000394429	0.000958799	0.001191886
33.7692	-0.000518421	0.000881792	0.001424974
33.7906	-0.000580542	0.00086621	0.001664303
33.812	-0.000550931	0.000915764	0.001904159
33.8334	-0.000422405	0.001037109	0.002134966
33.8548	-0.000209023	0.001237648	0.002343042
33.8762	6.16392E-05	0.001519774	0.002513186
33.8976	0.000357249	0.001874676	0.002632723
33.919	0.0006475	0.002279929	0.00269443
33.9404	0.000908227	0.00270281	0.00269757
33.9618	0.001122832	0.003107782	0.002647929
33.9832	0.001281798	0.003464136	0.002557734
34.0046	0.001380925	0.003750142	0.002444529
34.026	0.001418073	0.003952159	0.002328102
34.0474	0.001389433	0.004060844	0.002225892
34.0688	0.001289007	0.004068287	0.002149275
34.0902	0.001112801	0.003968556	0.002102232
34.1116	0.000863562	0.003760939	0.002082128
34.133	0.000550461	0.003453334	0.002081206
34.1544	0.000183844	0.003064008	0.002088602
34.1758	-0.000229936	0.0026213	0.002093296
34.1972	-0.000689056	0.002161175	0.002087823
34.2186	-0.001191632	0.001722092	0.002071171
34.24	-0.001730333	0.001337862	0.002049095
34.2614	-0.002290469	0.001030871	0.002031463
34.2828	-0.002852765	0.000808812	0.002028679
34.3042	-0.003397078	0.000665493	0.002049381
34.3256	-0.003904008	0.000584014	0.002099969
34.347	-0.004354858	0.000540768	0.002184519
34.3684	-0.004732818	0.000509903	0.00230397
34.3898	-0.005024882	0.00046791	0.002454536
34.4112	-0.005222188	0.000397535	0.002625956
34.4326	-0.005319088	0.000290207	0.002800253
34.454	-0.005314009	0.000146319	0.002952281
34.4754	-0.005213087	-2.65648E-05	0.003053398
34.4968	-0.005033855	-0.000216403	0.003078562
34.5182	-0.00480689	-0.000409176	0.003014394
34.5396	-0.004574623	-0.000590977	0.002864135
34.561	-0.004386362	-0.0007496	0.002646447
34.5824	-0.004288729	-0.000875009	0.002389051
34.6038	-0.004313372	-0.000958949	0.002120765
34.6252	-0.004466866	-0.000994016	0.00186596
34.6466	-0.004728091	-0.000973147	0.001642826
34.668	-0.0050549	-0.000889877	0.001464169
34.6894	-0.005397243	-0.000739799	0.001337968
34.7108	-0.005710739	-0.000523281	0.001265964
34.7322	-0.005964764	-0.00024916	0.001241243
34.7536	-0.006143043	6.26615E-05	0.00124736
34.775	-0.006239771	0.000382607	0.001260882
34.7964	-0.006255407	0.00067706	0.001256465
34.8178	-0.006194202	0.00091518	0.00121219
34.8392	-0.006062973	0.001073431	0.001113857
34.8606	-0.005870252	0.001136842	0.000958155
34.882	-0.00562501	0.001098187	0.000754356
34.9034	-0.005334664	0.000957098	0.000523331
34.9248	-0.005003445	0.000720635	0.000293541
34.9462	-0.004632965	0.000405292	9.53658E-05
34.9676	-0.004225119	3.87749E-05	-4.42083E-05
34.989	-0.003785727	-0.000340634	-0.000105247
35.0104	-0.003326277	-0.000689419	-7.68557E-05
35.0318	-0.002862262	-0.000968542	4.19894E-05
35.0532	-0.002409724	-0.001153818	0.000242514
35.0746	-0.00198369	-0.001241954	0.00050778
35.096	-0.001598602	-0.001249701	0.000816912
35.1174	-0.001267701	-0.001207135	0.001151212
35.1388	-0.000999543	-0.001148354	0.001498879
35.1602	-0.00079477	-0.001102261	0.001854873
35.1816	-0.00064634	-0.001085922	0.002215393
35.203	-0.00054277	-0.001101998	0.002570727
35.2244	-0.000471825	-0.001141135	0.002901369
35.2458	-0.000423778	-0.001188609	0.003180622
35.2672	-0.00039336	-0.001231868	0.003383236
35.2886	-0.000379076	-0.001264597	0.003495396
35.31	-0.00037925	-0.001285144	0.00351913
35.3314	-0.000387612	-0.001292538	0.003468361
35.3528	-0.000392421	-0.001285567	0.003360317
35.3742	-0.000379643	-0.001266618	0.003208802
35.3956	-0.000337493	-0.00124575	0.003022366
35.417	-0.000260606	-0.001239984	0.002805831
35.4384	-0.000153336	-0.001267669	0.002563443
35.4598	-3.00788E-05	-0.001341761	0.002302803
35.4812	8.90042E-05	-0.001466159	0.002038362
35.5026	0.000185538	-0.001636619	0.001792354
35.524	0.000250438	-0.001844822	0.001591576
35.5454	0.000288314	-0.002082479	0.001460047
35.5668	0.00031755	-0.002343271	0.001409616
35.5882	0.000366039	-0.002622791	0.001432518
35.6096	0.000463362	-0.00291729	0.001500416
35.631	0.000630734	-0.003221202	0.001571724
35.6524	0.00087159	-0.003523698	0.001604943
35.6738	0.001167352	-0.003805507	0.001572856
35.6952	0.00148097	-0.004039123	0.001472916
35.7166	0.001765346	-0.004194484	0.001329938
35.738	0.001971479	-0.004249105	0.001189041
35.7594	0.002054944	-0.004197738	0.001100068
35.7808	0.001982766	-0.004056501	0.001099463
35.8022	0.001741618	-0.003858627	0.001197294
35.8236	0.00134285	-0.003642576	0.001375143
35.845	0.000819493	-0.003436588	0.001595417
35.8664	0.00021625	-0.003245999	0.00181661
35.8878	-0.000421102	-0.003050466	0.00200682
35.9092	-0.001052342	-0.002814245	0.002150046
35.9306	-0.001644863	-0.002504702	0.002245294
35.952	-0.002172843	-0.00210929	0.002302231
35.9734	-0.002615943	-0.001643013	0.002336629
35.9948	-0.002958398	-0.001144428	0.002366353
36.0162	-0.00318876	-0.000663477	0.002407127
36.0376	-0.0033005	-0.000246694	0.002468336
36.059	-0.003293202	7.47606E-05	0.002550379
36.0804	-0.0031738	0.000291069	0.002645353
36.1018	-0.002957337	0.000412859	0.002741149
36.1232	-0.002665433	0.000464477	0.002826999
36.1446	-0.002321187	0.000474386	0.002897168
36.166	-0.0019431	0.000467196	0.00295062
36.1874	-0.001542417	0.000460595	0.002988079
36.2088	-0.001124934	0.000466703	0.003010229
36.2302	-0.000694624	0.000493817	0.003019297
36.2516	-0.000256364	0.000545576	0.003022251
36.273	0.000182745	0.000618224	0.00303218
36.2944	0.000612839	0.000699795	0.003065944
36.3158	0.001022042	0.000774075	0.003139062
36.3372	0.001398879	0.00082865	0.003260649
36.3586	0.001735069	0.000861744	0.003430567
36.38	0.002027507	0.000883785	0.003639605
36.4014	0.002280002	0.000912539	0.003871847
36.4228	0.002503954	0.000964416	0.004107919
36.4442	0.002714331	0.001046753	0.00432859
36.4656	0.002920767	0.001155039	0.004518221
36.487	0.003120113	0.001275909	0.004666933
36.5084	0.003297642	0.001392486	0.004769841
36.5298	0.003436734	0.001488375	0.0048238
36.5512	0.003529173	0.001549229	0.004824641
36.5726	0.003578439	0.001562869	0.004768363
36.594	0.003595281	0.001519618	0.004655862
36.6154	0.003592439	0.001413853	0.004497552
36.6368	0.003584587	0.001246026	0.004313546
36.6582	0.003592121	0.001023291	0.004128295
36.6796	0.003640597	0.000757793	0.003962752
36.701	0.003750463	0.000463871	0.003828631
36.7224	0.003921995	0.000156636	0.00372737
36.7438	0.004127206	-0.000147208	0.003653741
36.7652	0.004316967	-0.000427801	0.003601406
36.7866	0.004440317	-0.000663243	0.00356733
36.808	0.004464107	-0.000834575	0.003552089
36.8294	0.004381753	-0.000932628	0.00355643
36.8508	0.004208244	-0.000961951	0.003577462
36.8722	0.003967573	-0.000937852	0.003608335
36.8936	0.003681059	-0.000876772	0.003642035
36.915	0.003362444	-0.000786109	0.00367619
36.9364	0.003020068	-0.000660289	0.003715342
36.9578	0.002662124	-0.000484071	0.003769436
36.9792	0.002300653	-0.000238908	0.003848992
37.0006	0.001952198	9.11261E-05	0.003959135
37.022	0.001635491	0.000514308	0.004095141
37.0434	0.001367876	0.001027298	0.004241877
37.0648	0.001161396	0.001613053	0.00437793
37.0862	0.001019392	0.002241337	0.004482598
37.1076	0.000934644	0.002872761	0.004542474
37.129	0.000888564	0.003466997	0.004554653
37.1504	0.000851523	0.003993527	0.004525187
37.1718	0.000786089	0.004439586	0.004463936
37.1932	0.000654299	0.004809622	0.004378308
37.2146	0.000427574	0.005116259	0.004269404
37.236	9.60752E-05	0.005369157	0.004132222
37.2574	-0.000326693	0.00556902	0.003959437
37.2788	-0.000807848	0.005709062	0.003745558
37.3002	-0.001307353	0.005779822	0.003489131
37.3216	-0.001790937	0.005773195	0.003192309
37.343	-0.002235047	0.005684697	0.002859286
37.3644	-0.002623573	0.005514903	0.002495394
37.3858	-0.002943348	0.005269898	0.002107923
37.4072	-0.003183201	0.004960625	0.001708235
37.4286	-0.003335411	0.00460235	0.001313338
37.45	-0.003397354	0.004215266	0.000945115
37.4714	-0.003372632	0.00382511	0.000627168
37.4928	-0.003270966	0.003460658	0.000380305
37.5142	-0.003106022	0.003148141	0.000218822
37.5356	-0.002893011	0.002905077	0.000148926
37.557	-0.002648102	0.002737256	0.000169694
37.5784	-0.002388476	0.002640061	0.000275858
37.5998	-0.00213024	0.002602255	0.000461142
37.6212	-0.001884718	0.002609175	0.000720673
37.6426	-0.00165595	0.0026438	0.0010514
37.664	-0.001441364	0.002687862	0.001449889
37.6854	-0.001234718	0.002725458	0.001908522
37.7068	-0.001030159	0.002747876	0.002411956
37.7282	-0.000826574	0.002755498	0.002936761
37.7496	-0.000629948	0.002754491	0.003455709
37.771	-0.000451269	0.002750097	0.003945163
37.7924	-0.000300331	0.00274152	0.004390746
37.8138	-0.000179359	0.002722037	0.004787647
37.8352	-8.07039E-05	0.002684141	0.005136312
37.8566	9.63414E-06	0.002626003	0.005437823
37.878	0.000103486	0.002554105	0.005692482
37.8994	0.000201351	0.002480213	0.005902004
37.9208	0.000288864	0.002414804	0.006072182
37.9422	0.000342737	0.002362102	0.00621227
37.9636	0.000342725	0.002319829	0.006330585
37.985	0.000281047	0.002282472	0.006429139
38.0064	0.000163214	0.002244745	0.006501874
38.0278	2.42571E-06	0.002204213	0.006538124
38.0492	-0.000185492	0.002163381	0.006529044
38.0706	-0.000382433	0.002130674	0.006472423
38.092	-0.000565379	0.002118513	0.006372854
38.1134	-0.000705799	0.002137268	0.006237628
38.1348	-0.000774286	0.002187407	0.006071156
38.1562	-0.000749037	0.002254811	0.005871437
38.1776	-0.0006229	0.002313631	0.005631061
38.199	-0.000405737	0.002335936	0.005342421
38.2204	-0.00012372	0.00230258	0.005003981
38.2418	0.000183138	0.002208779	0.004623991
38.2632	0.000467596	0.002062556	0.004219697
38.2846	0.00068745	0.001879271	0.003812877
38.306	0.000819497	0.001676721	0.003424189
38.3274	0.000867766	0.001472932	0.003068846
38.3488	0.000860901	0.001285256	0.002754051
38.3702	0.000839408	0.001129183	0.002477193
38.3916	0.000839376	0.001017452	0.00222451
38.413	0.000881902	0.000960198	0.001972342
38.4344	0.000974016	0.000965147	0.001693317
38.4558	0.001117131	0.001036219	0.001366677
38.4772	0.00131289	0.001171241	0.000988475
38.4986	0.001561355	0.001361052	0.000575871
38.52	0.001855136	0.001590454	0.000162643
38.5414	0.002175305	0.0018397	-0.000211569
38.5628	0.002492198	0.00208559	-0.000512505
38.5842	0.002771206	0.002303331	-0.000718551
38.6056	0.002981302	0.002470149	-0.000823542
38.627	0.003102313	0.002569832	-0.000836678
38.6484	0.003127613	0.002597145	-0.00078047
38.6698	0.003061156	0.002561044	-0.0006861
38.6912	0.002911224	0.00248387	-0.000586271
38.7126	0.00268473	0.002394236	-0.000507465
38.734	0.002385591	0.002315674	-0.000464472
38.7554	0.002018485	0.002257197	-0.000458826
38.7768	0.00159487	0.00221035	-0.000481763
38.7982	0.001135823	0.002153482	-0.000520136
38.8196	0.000668781	0.002060727	-0.000562382
38.841	0.000221185	0.001912354	-0.000601566
38.8624	-0.000183807	0.001703236	-0.000634839
38.8838	-0.000527569	0.001446531	-0.000661162
38.9052	-0.000794068	0.00117062	-0.000680103
38.9266	-0.000970119	0.000909555	-0.000693112
38.948	-0.001051108	0.000690759	-0.000706235
38.9694	-0.001050635	0.000525088	-0.000731758
38.9908	-0.001006163	0.00040369	-0.00078677
39.0122	-0.000972413	0.000302962	-0.000888307
39.0336	-0.001002008	0.000194716	-0.001046541
39.055	-0.001123942	5.65248E-05	-0.001258647
39.0764	-0.001334011	-0.000120899	-0.001506447
39.0978	-0.001602976	-0.000329969	-0.0017593
39.1192	-0.001895933	-0.000546745	-0.001981111
39.1406	-0.002190526	-0.000736758	-0.002138869
39.162	-0.002484058	-0.000865106	-0.002210093
39.1834	-0.002787387	-0.000907041	-0.002187755
39.2048	-0.003111329	-0.000855556	-0.002081541
39.2262	-0.00345538	-0.000723734	-0.001915228
39.2476	-0.003805266	-0.000540616	-0.001720829
39.269	-0.004138747	-0.000342176	-0.00153102
39.2904	-0.004434769	-0.000161808	-0.001372387
39.3118	-0.004681333	-2.45198E-05	-0.00126166
39.3332	-0.004879708	5.45522E-05	-0.001205257
39.3546	-0.005044386	6.99408E-05	-0.001201056
39.376	-0.005199352	2.52962E-05	-0.001240922
39.3974	-0.005371303	-6.81778E-05	-0.001313082
39.4188	-0.00558121	-0.000194572	-0.001404099
39.4402	-0.005835946	-0.000336159	-0.001500149
39.4616	-0.006123911	-0.000475608	-0.001587317
39.483	-0.0064175	-0.000598162	-0.001651557
39.5044	-0.006681833	-0.000693483	-0.001679272
39.5258	-0.006886254	-0.000756141	-0.001658914
39.5472	-0.007013554	-0.000784334	-0.001582975
39.5686	-0.007061029	-0.000778703	-0.001449962
39.59	-0.007034553	-0.000743224	-0.001265557
39.6114	-0.006940865	-0.000687059	-0.001042026
39.6328	-0.006784404	-0.000624078	-0.000796128
39.6542	-0.00656977	-0.000568763	-0.000546643
39.6756	-0.006305608	-0.000531139	-0.000311842
39.697	-0.006005344	-0.00051411	-0.000107349
39.7184	-0.005684116	-0.000513805	5.5426E-05
39.7398	-0.005356259	-0.000521753	0.000169977
39.7612	-0.005037113	-0.000527872	0.000235345
39.7826	-0.00474617	-0.000524026	0.000257599
39.804	-0.004505591	-0.000507152	0.000251042
39.8254	-0.004332228	-0.000479855	0.000236924
39.8468	-0.004228288	-0.000447293	0.000237894
39.8682	-0.004176438	-0.000411888	0.000269968
39.8896	-0.004142611	-0.000369315	0.000336377
39.911	-0.004085656	-0.000308705	0.000426173
39.9324	-0.003970742	-0.000217712	0.000517821
39.9538	-0.003780478	-9.00403E-05	0.000586322
39.9752	-0.003518654	6.9462E-05	0.000611952
39.9966	-0.003207036	0.000246206	0.000587412
40.018	-0.002879985	0.000423387	0.000520352
40.0394	-0.002579938	0.000591107	0.000429704
40.0608	-0.002351743	0.000751617	0.00033714
40.0822	-0.00223384	0.000918585	0.000258267
40.1036	-0.002247936	0.001111077	0.000198283
40.125	-0.0023921	0.001344229	0.000153796
40.1464	-0.002641307	0.001619549	0.000117997
40.1678	-0.002955405	0.001919456	8.4729E-05
40.1892	-0.003289509	0.002209864	4.93432E-05
40.2106	-0.003602271	0.002450083	7.85482E-06
40.232	-0.003862448	0.002604834	-4.38424E-05
40.2534	-0.004055865	0.002653571	-0.000110109
40.2748	-0.004190722	0.00259533	-0.000195729
40.2962	-0.004295881	0.002449219	-0.000305975
40.3176	-0.004408919	0.002250143	-0.000445917
40.339	-0.004558132	0.002039655	-0.00061819
40.3604	-0.004748695	0.001853811	-0.000819913
40.3818	-0.004959421	0.001712034	-0.001040096
40.4032	-0.005148797	0.001611923	-0.001258859
40.4246	-0.00526608	0.00153261	-0.001448644
40.446	-0.005264888	0.001444831	-0.001577105
40.4674	-0.005115829	0.001322323	-0.001612366
40.4888	-0.004812959	0.001149102	-0.001530672
40.5102	-0.004371384	0.000920687	-0.001323948
40.5316	-0.00381867	0.000641425	-0.001003619
40.553	-0.003186035	0.000321958	-0.000597784
40.5744	-0.002504323	-2.18796E-05	-0.000143019
40.5958	-0.001805505	-0.000370205	0.000325312
40.6172	-0.001126141	-0.00070164	0.000779748
40.6386	-0.000507618	-0.00099593	0.00120203
40.66	9.79728E-06	-0.001234586	0.001580476
40.6814	0.000396583	-0.001400626	0.001906621
40.7028	0.0006414	-0.001479995	0.002173569
40.7242	0.000752104	-0.001465175	0.002376103
40.7456	0.000750471	-0.001358608	0.002511398
40.767	0.000664421	-0.001173547	0.002579966
40.7884	0.000522253	-0.000932115	0.002586498
40.8098	0.000349538	-0.00066195	0.002539595
40.8312	0.000167344	-0.000392579	0.002448615
40.8526	-7.94258E-06	-0.00015159	0.002318542
40.874	-0.000162866	3.99046E-05	0.002146329
40.8954	-0.000285375	0.000171632	0.001923447
40.9168	-0.000365719	0.000246177	0.001644843
40.9382	-0.00039914	0.000276434	0.001318812
40.9596	-0.000387823	0.000278697	0.000970227
40.981	-0.000340587	0.000265961	0.00063449
41.0024	-0.00027049	0.000246143	0.000346522
41.0238	-0.000191785	0.000225323	0.00013179
41.0452	-0.0001174	0.000211318	3.41814E-06
41.0666	-5.68818E-05	0.000213545	-3.59506E-05
41.088	-1.54515E-05	0.000238831	8.81237E-06
41.1094	5.29792E-06	0.000286029	0.0001268
41.1308	4.92311E-06	0.000343364	0.000301732
41.1522	-1.87977E-05	0.000391008	0.000513012
41.1736	-7.0765E-05	0.000408013	0.000737419
41.195	-0.000155284	0.00038046	0.000951114
41.2164	-0.000270656	0.000306965	0.001132335
41.2378	-0.000407653	0.000199348	0.001265014
41.2592	-0.000554772	7.91964E-05	0.001342338
41.2806	-0.000705116	-2.77723E-05	0.001368235
41.302	-0.000857609	-9.80638E-05	0.001356018
41.3234	-0.001011046	-0.000116029	0.001325458
41.3448	-0.001155608	-7.70254E-05	0.001299724
41.3662	-0.001268036	1.24611E-05	0.001302192
41.3876	-0.001314695	0.000136195	0.001352709
41.409	-0.001262214	0.000270276	0.001463945
41.4304	-0.001090165	0.00038777	0.001639075
41.4518	-0.000799045	0.000466826	0.001870986
41.4732	-0.000410636	0.000499405	0.002142442
41.4946	3.7313E-05	0.000495078	0.002426882
41.516	0.000498704	0.000478252	0.002691521
41.5374	0.000927127	0.000481159	0.002903991
41.5588	0.001283058	0.000536898	0.003040665
41.5802	0.001539264	0.000673426	0.003092441
41.6016	0.001685184	0.000907336	0.003064547
41.623	0.001730101	0.001237025	0.002971657
41.6444	0.001702147	0.001638199	0.002832052
41.6658	0.001640981	0.002066361	0.002663422
41.6872	0.001587276	0.002468302	0.002480709
41.7086	0.001574439	0.002798894	0.00229539
41.73	0.001623305	0.003035034	0.002115643
41.7514	0.001737678	0.003179839	0.001946468
41.7728	0.001902631	0.003255754	0.001788958
41.7942	0.00208908	0.003291798	0.001639264
41.8156	0.00226319	0.003312269	0.001488148
41.837	0.00239468	0.003331433	0.001321883
41.8584	0.002460853	0.003354039	0.001124505
41.8798	0.002449085	0.003379173	0.000881424
41.9012	0.002361412	0.003405098	0.00058436
41.9226	0.002219832	0.003433664	0.000236063
41.944	0.002067029	0.003473434	-0.000147156
41.9654	0.001956915	0.003540109	-0.000536699
41.9868	0.001934856	0.003652747	-0.000896393
42.0082	0.002016446	0.003825855	-0.001189662
42.0296	0.002177655	0.004060158	-0.001386314
42.051	0.002362867	0.004337195	-0.001467194
42.0724	0.002506512	0.004621782	-0.001425295
42.0938	0.002557447	0.004872723	-0.001264311
42.1152	0.00249486	0.005056747	-0.000996252
42.1366	0.002330242	0.005158339	-0.000639323
42.158	0.002098156	0.005180783	-0.000216955
42.1794	0.001842143	0.005138521	0.000242273
42.2008	0.001601208	0.005044817	0.000704693
42.2222	0.001400556	0.004901516	0.001133297
42.2436	0.001248827	0.004697132	0.001491298
42.265	0.001141335	0.004414846	0.001746669
42.2864	0.00106626	0.004045075	0.001876857
42.3078	0.0010101	0.00359463	0.001874019
42.3292	0.000960391	0.003086979	0.001749975
42.3506	0.000906448	0.002555017	0.001537283
42.372	0.000840279	0.002031988	0.001283058
42.3934	0.000757542	0.00154579	0.001035735
42.4148	0.000656282	0.00111717	0.000830618
42.4362	0.00053387	0.000758658	0.00068203
42.4576	0.00038626	0.000471884	0.000586343
42.479	0.00021201	0.000245734	0.000533682
42.5004	1.71003E-05	6.02487E-05	0.000520387
42.5218	-0.000184708	-0.000103408	0.000554519
42.5432	-0.000376682	-0.000252892	0.000651535
42.5646	-0.000545415	-0.00038191	0.000823821
42.586	-0.000685445	-0.000476414	0.001070494
42.6074	-0.000800414	-0.000525776	0.001373345
42.6288	-0.000900014	-0.000532612	0.001700928
42.6502	-0.000993928	-0.000516872	0.002017884
42.6716	-0.001086124	-0.000512004	0.00229345
42.693	-0.001172707	-0.000553828	0.002504239
42.7144	-0.001244217	-0.000666245	0.002632209
42.7358	-0.001290705	-0.000850379	0.002662889
42.7572	-0.001306182	-0.001082853	0.002587047
42.7786	-0.001289945	-0.001323694	0.002403933
