0	0.00366272	0.00385575	0.00521026
0.0214	0.010854537	0.011438767	0.0154669
0.0428	0.0176747	0.018662	0.025263
0.0642	0.023958933	0.025359967	0.0343826
0.0856	0.029630067	0.031447133	0.0427093
0.107	0.034683967	0.036908433	0.0502153
0.1284	0.039163367	0.041776433	0.056934533
0.1498	0.0431319	0.046107967	0.062932633
0.1712	0.046656667	0.049966533	0.0682851
0.1926	0.049798867	0.053412067	0.0730641
0.214	0.052610767	0.0564969	0.0773336
0.2354	0.055135767	0.059264867	0.081148633
0.2568	0.0574098	0.061752833	0.0845572
0.2782	0.059463	0.063992067	0.087601667
0.2996	0.061320633	0.0660095	0.0903203
0.321	0.0630044	0.0678287	0.0927478
0.3424	0.064533033	0.069470633	0.094915967
0.3638	0.0659229	0.070954033	0.096853833
0.3852	0.067188333	0.072295367	0.0985875
0.4066	0.068342367	0.073509467	0.1001411
0.428	0.069396533	0.074609333	0.101535933
0.4494	0.070361433	0.0756067	0.102790667
0.4708	0.071246667	0.076511933	0.103921
0.4922	0.0720606	0.0773345	0.104941333
0.5136	0.072810667	0.078082933	0.105862
0.535	0.073503367	0.0787649	0.106694333
0.5564	0.0741442	0.079387267	0.107446667
0.5778	0.0747382	0.079956167	0.108126333
0.5992	0.075289967	0.080477	0.108741
0.6206	0.0758035	0.080954567	0.109297
0.642	0.076282733	0.081393133	0.109801
0.6634	0.076731067	0.0817965	0.110259
0.6848	0.077151433	0.0821679	0.110675333
0.7062	0.077546267	0.082510367	0.111055333
0.7276	0.077917533	0.0828264	0.111403
0.749	0.078266767	0.0831185	0.111720667
0.7704	0.078595167	0.083388867	0.112011667
0.7918	0.078903533	0.083639633	0.112277
0.8132	0.079192533	0.083872767	0.112518333
0.8346	0.079462567	0.084089867	0.112737333
0.856	0.079713933	0.0842923	0.112934667
0.8774	0.079947167	0.084481033	0.113113
0.8988	0.0801631	0.084656833	0.113274
0.9202	0.080362767	0.084820133	0.113419
0.9416	0.0805473	0.084971333	0.113551
0.963	0.080718133	0.085111	0.113671
0.9844	0.080876367	0.085239733	0.113781333
1.0058	0.0810229	0.0853585	0.113883667
1.0272	0.081158433	0.085468533	0.113977667
1.0486	0.0812836	0.085571033	0.114065
1.07	0.081398867	0.0856673	0.114145667
1.0914	0.0815049	0.0857582	0.114220667
1.1128	0.081602467	0.085844367	0.114289333
1.1342	0.0816926	0.0859262	0.114352667
1.1556	0.0817762	0.0860037	0.11441
1.177	0.081854533	0.0860767	0.114461333
1.1984	0.0819287	0.0861447	0.114507333
1.2198	0.081999733	0.086207133	0.114547667
1.2412	0.0820684	0.086263467	0.114583
1.2626	0.0821353	0.086312967	0.114613333
1.284	0.0822009	0.086354867	0.114638667
1.3054	0.082265367	0.086389267	0.114660667
1.3268	0.082328967	0.086416033	0.114678333
1.3482	0.082391967	0.086435933	0.114693
1.3696	0.082454533	0.086449267	0.114704333
1.391	0.082516533	0.086457733	0.114712667
1.4124	0.082577633	0.086461933	0.114718667
1.4338	0.082637067	0.086462433	0.114721667
1.4552	0.082693767	0.0864599	0.114722667
1.4766	0.0827466	0.0864554	0.114721333
1.498	0.0827946	0.086448467	0.114718
1.5194	0.082837133	0.086439767	0.114713
1.5408	0.082873867	0.086428433	0.114706333
1.5622	0.0829049	0.086414867	0.114697333
1.5836	0.0829309	0.086398633	0.114687667
1.605	0.082952667	0.086379633	0.114676333
1.6264	0.082971233	0.086358133	0.114665333
1.6478	0.0829877	0.086334933	0.114654
1.6692	0.0830028	0.086311067	0.114642
1.6906	0.0830173	0.086287167	0.114629
1.712	0.083031433	0.086264267	0.114614333
1.7334	0.083045367	0.086243367	0.114598
1.7548	0.083058733	0.086224367	0.114578333
1.7762	0.083071233	0.086208033	0.114556667
1.7976	0.083082367	0.086193733	0.114533333
1.819	0.0830917	0.086182533	0.114509333
1.8404	0.0830991	0.086173233	0.114485
1.8618	0.083104467	0.086166467	0.114461
1.8832	0.083107767	0.086162267	0.114438
1.9046	0.083109067	0.086160167	0.114416333
1.926	0.083108233	0.086160333	0.114395333
1.9474	0.0831053	0.086162233	0.114374333
1.9688	0.0831002	0.086165533	0.114352667
1.9902	0.083093133	0.086170533	0.114331
2.0116	0.083084567	0.086177	0.114306667
2.033	0.083075	0.086185167	0.114281
2.0544	0.083064833	0.086194967	0.114253333
2.0758	0.083054733	0.086206867	0.114222667
2.0972	0.0830452	0.086220233	0.114190333
2.1186	0.0830366	0.086235467	0.114156333
2.14	0.083029267	0.086251233	0.11412
2.1614	0.0830231	0.086267433	0.114083667
2.1828	0.083017667	0.086283667	0.114047667
2.2042	0.0830124	0.086299167	0.114012333
2.2256	0.0830063	0.086313433	0.113979
2.247	0.0829985	0.0863267	0.113947667
2.2684	0.082988133	0.086338633	0.113919
2.2898	0.082974567	0.0863483	0.113893
2.3112	0.082957433	0.0863562	0.113868333
2.3326	0.0829369	0.086361167	0.113845667
2.354	0.082913233	0.086363167	0.113823333
2.3754	0.0828869	0.086362167	0.113800667
2.3968	0.0828583	0.086358333	0.113776333
2.4182	0.0828276	0.086352167	0.113750667
2.4396	0.082794767	0.0863443	0.113721667
2.461	0.082759833	0.086335967	0.113690333
2.4824	0.0827226	0.0863285	0.113656
2.5038	0.082683233	0.0863223	0.113620667
2.5252	0.0826421	0.0863189	0.113585333
2.5466	0.082599667	0.0863183	0.113550333
2.568	0.0825565	0.0863214	0.113519
2.5894	0.0825133	0.086327933	0.113491667
2.6108	0.082470733	0.0863376	0.113469667
2.6322	0.082429567	0.086350433	0.113453
2.6536	0.0823905	0.086365967	0.113441333
2.675	0.082354333	0.0863838	0.113434667
2.6964	0.082321633	0.086403767	0.113432
2.7178	0.0822927	0.086425833	0.113432333
2.7392	0.082267667	0.086448833	0.113436
2.7606	0.0822461	0.0864732	0.113441
2.782	0.082227667	0.086498633	0.113448
2.8034	0.082211633	0.086524067	0.113456
2.8248	0.0821974	0.086550033	0.113465
2.8462	0.0821844	0.086575833	0.113475333
2.8676	0.082172267	0.0866008	0.113486333
2.889	0.0821609	0.086625	0.113497667
2.9104	0.082150367	0.086648667	0.113508333
2.9318	0.082140667	0.0866713	0.113519333
2.9532	0.082131967	0.086692933	0.113529667
2.9746	0.0821243	0.086713533	0.113539333
2.996	0.082117667	0.086732967	0.113549
3.0174	0.082112133	0.086751067	0.113558333
3.0388	0.082107633	0.086767567	0.113568333
3.0602	0.082104333	0.086782933	0.113578667
3.0816	0.082102133	0.0867972	0.11359
3.103	0.082101	0.086811233	0.113602
3.1244	0.082100833	0.086824633	0.113613667
3.1458	0.082101667	0.0868377	0.113625
3.1672	0.082103467	0.086850767	0.113635
3.1886	0.082106267	0.086863333	0.113643
3.21	0.082109767	0.086874967	0.113648
3.2314	0.082113633	0.086886167	0.113650667
3.2528	0.082117367	0.0868962	0.113649667
3.2742	0.082120467	0.0869046	0.113645333
3.2956	0.082122733	0.086912367	0.113638
3.317	0.082124233	0.086918333	0.113627667
3.3384	0.082125333	0.086922967	0.113615333
3.3598	0.082126667	0.086926767	0.113602333
3.3812	0.082128933	0.0869294	0.113589333
3.4026	0.0821328	0.086931233	0.113578
3.424	0.0821389	0.086933	0.113569667
3.4454	0.0821476	0.086934067	0.113565333
3.4668	0.082159067	0.086935033	0.113566333
3.4882	0.0821734	0.0869355	0.113573
3.5096	0.082190567	0.0869358	0.113584667
3.531	0.082210467	0.086935967	0.113601
3.5524	0.082232933	0.086936233	0.113621
3.5738	0.082257733	0.0869365	0.113643667
3.5952	0.082284433	0.086937133	0.113669
3.6166	0.082312533	0.086938133	0.113695667
3.638	0.082341367	0.0869394	0.113723333
3.6594	0.082370333	0.0869406	0.113752667
3.6808	0.082398667	0.086941767	0.113783667
3.7022	0.082426	0.086942433	0.113816667
3.7236	0.0824519	0.0869419	0.113851667
3.745	0.082476233	0.086939967	0.113888333
3.7664	0.082498967	0.086936967	0.113926667
3.7878	0.082520133	0.0869327	0.113966333
3.8092	0.082539733	0.0869276	0.114007
3.8306	0.082557733	0.086922	0.114049
3.852	0.082573867	0.086915967	0.114093333
3.8734	0.082588167	0.086910067	0.114139333
3.8948	0.082600467	0.086905267	0.114188667
3.9162	0.0826109	0.0869008	0.11424
3.9376	0.082619533	0.0868975	0.114294
3.959	0.082626467	0.0868946	0.114350333
3.9804	0.0826317	0.0868923	0.114407667
4.0018	0.0826352	0.086889667	0.114465333
4.0232	0.082636833	0.086885933	0.114523
4.0446	0.0826363	0.0868812	0.114579333
4.066	0.082633467	0.086875	0.114634
4.0874	0.0826281	0.086867533	0.114687
4.1088	0.082620133	0.086859333	0.114738667
4.1302	0.082609567	0.0868501	0.114788333
4.1516	0.0825965	0.086840967	0.114837667
4.173	0.082581067	0.0868322	0.114886
4.1944	0.082563467	0.0868241	0.114934667
4.2158	0.082544033	0.086816967	0.114983
4.2372	0.082523033	0.086811	0.115031
4.2586	0.082501033	0.086806133	0.115078667
4.28	0.082478467	0.0868024	0.115125333
4.3014	0.0824558	0.086799667	0.115170333
4.3228	0.082433333	0.086797867	0.115214
4.3442	0.082411233	0.086797	0.115255
4.3656	0.0823897	0.086797133	0.115292667
4.387	0.082368767	0.086798333	0.115326333
4.4084	0.082348567	0.086800633	0.115354667
4.4298	0.082329367	0.086804033	0.115377333
4.4512	0.0823115	0.086808467	0.115394333
4.4726	0.0822951	0.086813733	0.115405333
4.494	0.0822801	0.086819433	0.115411333
4.5154	0.082266167	0.086825167	0.115412
4.5368	0.082252767	0.086830333	0.115409
4.5582	0.082239267	0.086834467	0.115403333
4.5796	0.082225067	0.086837133	0.115396333
4.601	0.082209733	0.0868381	0.115388333
4.6224	0.082193033	0.086837333	0.115380333
4.6438	0.082174733	0.086835	0.115374
4.6652	0.082154867	0.086831633	0.115369667
4.6866	0.082133567	0.086827633	0.115368
4.708	0.0821112	0.086823767	0.11537
4.7294	0.082088367	0.086820733	0.115374667
4.7508	0.082065767	0.086819	0.115382667
4.7722	0.082044267	0.086819233	0.115394
4.7936	0.082024467	0.0868216	0.115409
4.815	0.082007033	0.086826267	0.115428
4.8364	0.081992133	0.086833133	0.115451333
4.8578	0.081980133	0.0868419	0.115479333
4.8792	0.0819709	0.086852267	0.115511667
4.9006	0.081964433	0.086863767	0.115548333
4.922	0.081960633	0.086875967	0.115589
4.9434	0.081959367	0.086888267	0.115633667
4.9648	0.081960467	0.0869002	0.115680667
4.9862	0.081963867	0.0869112	0.115729
5.0076	0.081969533	0.086920633	0.115777
5.029	0.0819775	0.086928033	0.115824667
5.0504	0.081988	0.086932867	0.115871
5.0718	0.082001267	0.086934767	0.115915
5.0932	0.082017667	0.0869333	0.115957
5.1146	0.082037467	0.0869282	0.115997
5.136	0.082060833	0.086919267	0.116035333
5.1574	0.082087667	0.0869066	0.116072
5.1788	0.082117733	0.0868904	0.116108
5.2002	0.082150433	0.086871233	0.116144
5.2216	0.082185367	0.086849533	0.116179333
5.243	0.082222233	0.0868259	0.116215667
5.2644	0.082260767	0.086800833	0.116252333
5.2858	0.082300833	0.086774633	0.116290333
5.3072	0.082342167	0.086747467	0.116329667
5.3286	0.082384367	0.0867197	0.116371333
5.35	0.082426733	0.086691367	0.116414
5.3714	0.0824684	0.0866626	0.116458333
5.3928	0.082508333	0.086633433	0.116503333
5.4142	0.0825457	0.086604	0.116548667
5.4356	0.0825801	0.086574167	0.116593333
5.457	0.0826113	0.086543967	0.116636667
5.4784	0.082639633	0.086513433	0.116678
5.4998	0.082665667	0.0864827	0.116716333
5.5212	0.082690267	0.086451767	0.116751333
5.5426	0.082714233	0.086420467	0.116782667
5.564	0.082738267	0.086388633	0.116811
5.5854	0.0827632	0.086356067	0.116836
5.6068	0.082789333	0.0863225	0.116858
5.6282	0.082816767	0.086287933	0.116878
5.6496	0.082845167	0.086252367	0.116896333
5.671	0.082874067	0.086216267	0.116913333
5.6924	0.0829029	0.086180133	0.116929
5.7138	0.082931133	0.086144633	0.116944333
5.7352	0.082958467	0.0861104	0.116958333
5.7566	0.0829847	0.086078067	0.116971667
5.778	0.0830098	0.086047767	0.116984
5.7994	0.0830338	0.086019633	0.116995
5.8208	0.083057133	0.085993367	0.117005667
5.8422	0.083079933	0.085968633	0.117016
5.8636	0.083102533	0.0859448	0.117026
5.885	0.083125	0.085921333	0.117036667
5.9064	0.083147567	0.085897667	0.117046333
5.9278	0.0831703	0.0858735	0.117056667
5.9492	0.0831936	0.085848467	0.117067333
5.9706	0.083217767	0.0858225	0.117077667
5.992	0.083243133	0.0857955	0.117088
6.0134	0.0832699	0.085767367	0.117098667
6.0348	0.083297933	0.085737967	0.117109
6.0562	0.083327167	0.0857071	0.117119
6.0776	0.083357133	0.085674567	0.117129
6.099	0.083387667	0.085640033	0.117138
6.1204	0.083418533	0.085603333	0.117146
6.1418	0.083449533	0.0855645	0.117152667
6.1632	0.083480667	0.085523767	0.117157667
6.1846	0.083512	0.085481533	0.117160667
6.206	0.083543767	0.085438533	0.117161333
6.2274	0.083576167	0.0853953	0.117159667
6.2488	0.083609633	0.085352467	0.117155333
6.2702	0.083644367	0.085310467	0.117148667
6.2916	0.0836806	0.085269767	0.117138333
6.313	0.0837182	0.085230967	0.117125333
6.3344	0.083756933	0.085194567	0.117108667
6.3558	0.083796533	0.085161133	0.117089667
6.3772	0.0838365	0.0851312	0.117069
6.3986	0.0838764	0.085105033	0.117047
6.42	0.083915867	0.085082767	0.117025
6.4414	0.083954867	0.0850642	0.117003333
6.4628	0.083993367	0.0850489	0.116981667
6.4842	0.084031733	0.0850364	0.116961333
6.5056	0.084070367	0.085026	0.116941667
6.527	0.084109533	0.085017133	0.116923
6.5484	0.0841496	0.0850094	0.116905333
6.5698	0.0841903	0.085002367	0.116887667
6.5912	0.084231367	0.084995833	0.116871
6.6126	0.084272033	0.0849895	0.116855
6.634	0.084311467	0.084983267	0.116839
6.6554	0.084348767	0.0849769	0.116823333
6.6768	0.0843834	0.0849705	0.116807
6.6982	0.084415	0.0849641	0.116789667
6.7196	0.084443667	0.084957867	0.116771
6.741	0.084469833	0.084951933	0.116750667
6.7624	0.084494267	0.084946433	0.116729667
6.7838	0.084517467	0.0849413	0.116708
6.8052	0.08454	0.084936367	0.116686
6.8266	0.084562	0.084931267	0.116664667
6.848	0.084583433	0.084925533	0.116644333
6.8694	0.084603867	0.084918833	0.116624667
6.8908	0.0846227	0.084910867	0.116606667
6.9122	0.084639533	0.084901733	0.116589667
6.9336	0.084653967	0.0848918	0.116573667
6.955	0.084666033	0.084881767	0.116558333
6.9764	0.0846761	0.084872367	0.116543
6.9978	0.0846848	0.084864333	0.116527667
7.0192	0.084692867	0.0848583	0.116512
7.0406	0.084701133	0.0848545	0.116494667
7.062	0.084710167	0.084853267	0.116476
7.0834	0.0847204	0.0848545	0.116455667
7.1048	0.0847321	0.084857933	0.116433333
7.1262	0.084744967	0.084863433	0.116408333
7.1476	0.084758767	0.0848705	0.116382333
7.169	0.084773	0.084878767	0.116355333
7.1904	0.0847872	0.084887767	0.116328333
7.2118	0.084801033	0.084897067	0.116302
7.2332	0.084814333	0.0849061	0.116277667
7.2546	0.084827133	0.084914633	0.116256
7.276	0.084839633	0.084922333	0.116236667
7.2974	0.084852033	0.084929067	0.116221333
7.3188	0.084864667	0.084934833	0.116208667
7.3402	0.084877767	0.084939867	0.116198667
7.3616	0.0848915	0.0849443	0.116190333
7.383	0.0849059	0.084948333	0.116183333
7.4044	0.0849209	0.084952167	0.116176333
7.4258	0.084936167	0.084955633	0.11617
7.4472	0.0849514	0.084958667	0.116164
7.4686	0.084966167	0.084960933	0.116158
7.49	0.084980133	0.084962167	0.116152333
7.5114	0.0849929	0.0849623	0.116147
7.5328	0.0850043	0.084961367	0.116141667
7.5542	0.085014167	0.084959733	0.116136
7.5756	0.085022533	0.084957833	0.11613
7.597	0.085029667	0.084956133	0.116123667
7.6184	0.085035967	0.0849551	0.116117333
7.6398	0.085042067	0.084955167	0.116111
7.6612	0.085048667	0.084956633	0.116104667
7.6826	0.085056633	0.084959967	0.116098333
7.704	0.085066833	0.0849659	0.116091667
7.7254	0.085080033	0.0849751	0.116084667
7.7468	0.085096733	0.084988367	0.116077667
7.7682	0.085117433	0.085006267	0.11607
7.7896	0.085142133	0.0850291	0.116060667
7.811	0.085170867	0.0850567	0.116049667
7.8324	0.085203367	0.085088567	0.116037
7.8538	0.085239267	0.085124033	0.116022333
7.8752	0.085277833	0.0851622	0.116006667
7.8966	0.0853183	0.085202367	0.11599
7.918	0.085359967	0.085243733	0.115974333
7.9394	0.085402067	0.085285533	0.115959333
7.9608	0.085444233	0.0853272	0.115945667
7.9822	0.085486033	0.0853679	0.115934667
8.0036	0.085527233	0.0854071	0.115926
8.025	0.0855677	0.085444133	0.115918667
8.0464	0.085607233	0.0854786	0.115911333
8.0678	0.085645367	0.0855099	0.115903667
8.0892	0.0856817	0.085537833	0.115894333
8.1106	0.085715467	0.0855619	0.115882333
8.132	0.0857462	0.0855816	0.115866
8.1534	0.085773333	0.0855965	0.115845667
8.1748	0.085796667	0.0856061	0.115822
8.1962	0.085816233	0.085610367	0.115794333
8.2176	0.085832267	0.0856093	0.115763
8.239	0.085845233	0.085603367	0.115728667
8.2604	0.085855567	0.0855932	0.115691667
8.2818	0.085863933	0.0855795	0.115651333
8.3032	0.085870933	0.085563167	0.115608667
8.3246	0.0858773	0.085545067	0.115564333
8.346	0.085883733	0.0855262	0.115518667
8.3674	0.085890767	0.085507433	0.115473333
8.3888	0.0858989	0.085489567	0.115429333
8.4102	0.085908467	0.085473233	0.115387
8.4316	0.0859196	0.085459167	0.115347
8.453	0.085932433	0.085447667	0.115309333
8.4744	0.085947067	0.085439167	0.115274
8.4958	0.0859634	0.085433733	0.115239667
8.5172	0.085981467	0.085431367	0.115207
8.5386	0.086001433	0.085431533	0.115174333
8.56	0.086023367	0.0854337	0.115142333
8.5814	0.086047433	0.085437033	0.115111333
8.6028	0.086073633	0.0854409	0.115081
8.6242	0.0861016	0.085444567	0.115052
8.6456	0.0861311	0.085447667	0.115024667
8.667	0.086161533	0.085449967	0.115000667
8.6884	0.086192267	0.0854515	0.114979667
8.7098	0.0862227	0.0854525	0.114963
8.7312	0.0862519	0.085453233	0.114951
8.7526	0.086279033	0.085453967	0.114944
8.774	0.0863032	0.0854549	0.114942667
8.7954	0.086323667	0.085456167	0.114947
8.8168	0.086340133	0.0854577	0.114957
8.8382	0.086352433	0.0854595	0.114972333
8.8596	0.086360833	0.085461633	0.114994333
8.881	0.086365933	0.085464233	0.115020333
8.9024	0.086368333	0.085467633	0.115052
8.9238	0.0863689	0.085472167	0.115088333
8.9452	0.0863685	0.085477733	0.115128
8.9666	0.0863679	0.0854842	0.115171
8.988	0.086367867	0.085490933	0.115216667
9.0094	0.086368733	0.085497167	0.115264333
9.0308	0.0863707	0.085502033	0.115313
9.0522	0.086373367	0.0855048	0.115362333
9.0736	0.0863762	0.085505033	0.115411667
9.095	0.086378567	0.085502667	0.115460333
9.1164	0.0863798	0.085497767	0.115508333
9.1378	0.086379633	0.085490567	0.115555
9.1592	0.0863781	0.085481233	0.115599333
9.1806	0.086375667	0.085469933	0.115641667
9.202	0.086372967	0.085456933	0.115680333
9.2234	0.086370967	0.085442267	0.115715333
9.2448	0.086370233	0.085426267	0.115746667
9.2662	0.086371467	0.0854091	0.115773667
9.2876	0.086374767	0.0853908	0.115796667
9.309	0.086380133	0.085371267	0.115816
9.3304	0.086387367	0.085350233	0.115832333
9.3518	0.086396067	0.0853273	0.115847
9.3732	0.086406033	0.085302367	0.115860667
9.3946	0.086416867	0.085275433	0.115874667
9.416	0.0864283	0.085246967	0.115889333
9.4374	0.086440133	0.0852175	0.115905
9.4588	0.086452033	0.0851879	0.115921
9.4802	0.0864637	0.0851588	0.115937667
9.5016	0.086475033	0.085130933	0.115954
9.523	0.086485833	0.0851047	0.115969
9.5444	0.086496067	0.085080667	0.115981667
9.5658	0.0865059	0.0850588	0.115991333
9.5872	0.086515333	0.085039	0.115998
9.6086	0.086524533	0.085020867	0.116001667
9.63	0.0865336	0.085003633	0.116001667
9.6514	0.086542467	0.0849867	0.115998333
9.6728	0.0865514	0.084969567	0.115992667
9.6942	0.086560433	0.084951867	0.115985
9.7156	0.0865699	0.084933833	0.115976
9.737	0.0865799	0.084915733	0.115967333
9.7584	0.0865904	0.084898067	0.115958333
9.7798	0.086601233	0.0848812	0.115949333
9.8012	0.086612233	0.084865567	0.115940333
9.8226	0.086623033	0.084851133	0.115931333
9.844	0.0866334	0.084837667	0.115922333
9.8654	0.0866431	0.084824833	0.115913
9.8868	0.0866518	0.084812033	0.115903667
9.9082	0.086659333	0.084798833	0.115894333
9.9296	0.0866655	0.084784833	0.115885667
9.951	0.086670133	0.084769833	0.115877667
9.9724	0.0866731	0.084753667	0.115870667
9.9938	0.086674433	0.0847363	0.115865
10.0152	0.086674333	0.084717833	0.115860667
10.0366	0.0866731	0.084698533	0.115858333
10.058	0.086671333	0.084678633	0.115858
10.0794	0.086669567	0.084658433	0.115859667
10.1008	0.086668167	0.084638467	0.115862333
10.1222	0.086667533	0.0846192	0.115867
10.1436	0.086667833	0.084601367	0.115873
10.165	0.086668933	0.084585767	0.115880333
10.1864	0.0866706	0.084573167	0.11589
10.2078	0.086672733	0.084564333	0.115900667
10.2292	0.086675033	0.0845598	0.115913667
10.2506	0.0866775	0.0845599	0.115928667
10.272	0.086680033	0.084564633	0.115945667
10.2934	0.0866828	0.084573767	0.115964667
10.3148	0.086685767	0.084586633	0.115986
10.3362	0.086689167	0.084602467	0.116009667
10.3576	0.086692933	0.084620367	0.116036333
10.379	0.086697033	0.0846395	0.116067333
10.4004	0.086701233	0.0846593	0.116102
10.4218	0.0867051	0.0846791	0.116141667
10.4432	0.086708333	0.0846983	0.116186
10.4646	0.0867106	0.0847163	0.116234333
10.486	0.086711667	0.084732367	0.116285
10.5074	0.086711633	0.084745933	0.116336667
10.5288	0.0867107	0.0847565	0.116389
10.5502	0.086709133	0.084763967	0.11644
10.5716	0.086707333	0.084768367	0.116488
10.593	0.086705667	0.084770067	0.116533333
10.6144	0.0867044	0.084769367	0.116575667
10.6358	0.086703667	0.084766667	0.116614667
10.6572	0.086703467	0.084762167	0.116651
10.6786	0.0867037	0.084755933	0.116685333
10.7	0.086704067	0.084747933	0.116719333
10.7214	0.086704367	0.084738033	0.116753333
10.7428	0.086704567	0.084726	0.116789333
10.7642	0.086704633	0.084711967	0.116827
10.7856	0.086705	0.084695967	0.116867667
10.807	0.086705867	0.084678433	0.116910333
10.8284	0.0867077	0.084659767	0.116955667
10.8498	0.086710833	0.084640467	0.117002
10.8712	0.0867155	0.0846211	0.117049333
10.8926	0.086721867	0.084602067	0.117097333
10.914	0.086729967	0.0845839	0.117145
10.9354	0.086739567	0.084566933	0.117192333
10.9568	0.0867503	0.084551467	0.117239333
10.9782	0.086761767	0.084537367	0.117285
10.9996	0.086773367	0.0845247	0.11733
11.021	0.086784733	0.084513033	0.117373
11.0424	0.086795333	0.084502033	0.117414333
11.0638	0.086804767	0.084491267	0.117453333
11.0852	0.0868125	0.0844802	0.117490333
11.1066	0.086818033	0.0844684	0.117525
11.128	0.086821	0.084455633	0.117558667
11.1494	0.086820967	0.0844416	0.117591667
11.1708	0.0868177	0.0844265	0.117624667
11.1922	0.086810967	0.0844108	0.117658667
11.2136	0.086800533	0.084394967	0.117694333
11.235	0.0867861	0.084379533	0.117733
11.2564	0.086767467	0.084364967	0.117773
11.2778	0.086744567	0.084351267	0.117815667
11.2992	0.086717633	0.0843381	0.117859333
11.3206	0.086687333	0.0843248	0.117903667
11.342	0.086654667	0.084310433	0.117948667
11.3634	0.086621333	0.084294067	0.117992667
11.3848	0.086588767	0.084274833	0.118036333
11.4062	0.0865587	0.084252333	0.118079
11.4276	0.086532367	0.084226533	0.11812
11.449	0.086510533	0.084197733	0.118160333
11.4704	0.086493533	0.084166733	0.118199
11.4918	0.086481167	0.084134167	0.118236667
11.5132	0.0864731	0.084100867	0.118273667
11.5346	0.086468967	0.084067533	0.118309667
11.556	0.086468267	0.0840346	0.118345333
11.5774	0.086470533	0.084002367	0.118379333
11.5988	0.086475333	0.0839709	0.118413333
11.6202	0.086481967	0.0839399	0.118445333
11.6416	0.0864901	0.083909133	0.118476
11.663	0.086499333	0.083878267	0.118504667
11.6844	0.0865096	0.083847167	0.118532667
11.7058	0.086520967	0.083815967	0.118559
11.7272	0.086533867	0.083784933	0.118584333
11.7486	0.0865485	0.083754867	0.118609333
11.77	0.0865649	0.083726267	0.118634
11.7914	0.086583	0.083699833	0.118658
11.8128	0.0866022	0.083675933	0.118683
11.8342	0.086622133	0.0836545	0.118708
11.8556	0.086642067	0.083635267	0.118734667
11.877	0.086661533	0.083617633	0.118762
11.8984	0.086680067	0.083601	0.118790667
11.9198	0.0866974	0.0835847	0.118821333
11.9412	0.086713233	0.083568267	0.118854
11.9626	0.086727867	0.083551233	0.118888333
11.984	0.086741533	0.083533367	0.118924
12.0054	0.0867549	0.083514533	0.118961333
12.0268	0.086768667	0.0834946	0.118999
12.0482	0.086783433	0.083473467	0.119037333
12.0696	0.086799867	0.0834511	0.119075333
12.091	0.086818167	0.0834272	0.119112333
12.1124	0.086838433	0.083401633	0.119149
12.1338	0.086860233	0.083374067	0.119184667
12.1552	0.086883033	0.0833444	0.119219333
12.1766	0.0869062	0.0833125	0.119253
12.198	0.086928967	0.083278667	0.119285
12.2194	0.086950733	0.083243167	0.119316
12.2408	0.086971133	0.083206567	0.119347
12.2622	0.086989767	0.0831694	0.119377
12.2836	0.087006533	0.083132267	0.119407
12.305	0.087021367	0.083095933	0.119437
12.3264	0.087034233	0.083061	0.119466333
12.3478	0.087045233	0.0830282	0.119494333
12.3692	0.087054333	0.082998	0.119520333
12.3906	0.087061833	0.082970767	0.119542667
12.412	0.087067867	0.082946667	0.119562333
12.4334	0.087072867	0.082925233	0.119578
12.4548	0.087077267	0.082906167	0.11959
12.4762	0.087081733	0.082888633	0.119599
12.4976	0.0870867	0.082872	0.119605
12.519	0.087092667	0.082855733	0.119609667
12.5404	0.087099667	0.082839633	0.119614
12.5618	0.087107667	0.082823933	0.119617333
12.5832	0.087116167	0.082809133	0.119621
12.6046	0.087124433	0.082796133	0.119625333
12.626	0.0871317	0.082785733	0.119629
12.6474	0.0871372	0.082778767	0.119633
12.6688	0.0871404	0.0827757	0.119635667
12.6902	0.087141133	0.0827768	0.119636667
12.7116	0.0871397	0.082781733	0.119636
12.733	0.0871367	0.082790033	0.119632667
12.7544	0.087132967	0.082801133	0.119627
12.7758	0.087129567	0.082814267	0.119619
12.7972	0.087127267	0.082829033	0.119610333
12.8186	0.087126567	0.0828451	0.119602333
12.84	0.0871276	0.0828624	0.119596
12.8614	0.0871302	0.082881	0.119593667
12.8828	0.0871337	0.082900767	0.119594333
12.9042	0.0871374	0.0829215	0.119600333
12.9256	0.087140633	0.0829427	0.11961
12.947	0.0871427	0.082963633	0.119624333
12.9684	0.087143267	0.082983267	0.119641333
12.9898	0.087142267	0.083000567	0.119661333
13.0112	0.087139867	0.083014567	0.119683333
13.0326	0.087136367	0.0830244	0.119707
13.054	0.087132133	0.083029567	0.119732333
13.0754	0.0871274	0.083029567	0.119758
13.0968	0.087122267	0.0830243	0.119783667
13.1182	0.0871168	0.083013967	0.119809333
13.1396	0.0871111	0.082998933	0.119835
13.161	0.0871051	0.082980033	0.11986
13.1824	0.0870992	0.082958033	0.119885
13.2038	0.0870936	0.082933833	0.119910667
13.2252	0.0870887	0.082908333	0.119937
13.2466	0.0870847	0.082882233	0.119964
13.268	0.0870817	0.082856067	0.119991667
13.2894	0.087079833	0.082830267	0.120019333
13.3108	0.0870793	0.0828053	0.120046667
13.3322	0.087080267	0.0827815	0.120073667
13.3536	0.087083333	0.082759133	0.120099667
13.375	0.087089133	0.082738333	0.120125333
13.3964	0.087098367	0.0827189	0.12015
13.4178	0.087111667	0.082700467	0.120174
13.4392	0.0871294	0.082682533	0.120197333
13.4606	0.087151733	0.082664333	0.12022
13.482	0.087178433	0.0826453	0.120243
13.5034	0.0872091	0.082624833	0.120265667
13.5248	0.087242867	0.082602533	0.120288
13.5462	0.087278867	0.082578233	0.120310667
13.5676	0.087316033	0.082551967	0.120333667
13.589	0.087353533	0.082523833	0.120356667
13.6104	0.087390567	0.082493933	0.120379
13.6318	0.087426667	0.082462267	0.1204
13.6532	0.0874614	0.082428833	0.120419333
13.6746	0.087494567	0.0823935	0.120436
13.696	0.0875259	0.0823563	0.120449
13.7174	0.087555233	0.082317167	0.120458333
13.7388	0.087582433	0.082276533	0.120464667
13.7602	0.087607333	0.082234667	0.120467
13.7816	0.087629767	0.082192367	0.120467667
13.803	0.087649833	0.082150467	0.120466333
13.8244	0.087667333	0.082109933	0.120464667
13.8458	0.0876825	0.082071733	0.120463333
13.8672	0.087695233	0.082036633	0.120462667
13.8886	0.0877056	0.082005133	0.120463667
13.91	0.087713367	0.081977467	0.120465667
13.9314	0.087718667	0.081953633	0.120469667
13.9528	0.0877217	0.081933467	0.120474667
13.9742	0.087722867	0.081916767	0.120482
13.9956	0.087722733	0.081903333	0.120490667
14.017	0.087721833	0.081893	0.120501333
14.0384	0.0877206	0.081885767	0.120513
14.0598	0.0877192	0.0818814	0.120526667
14.0812	0.087717833	0.081879933	0.120541333
14.1026	0.087716367	0.081881167	0.120557667
14.124	0.087714767	0.081884767	0.120575
14.1454	0.0877128	0.0818903	0.120592667
14.1668	0.087710167	0.081897167	0.120611
14.1882	0.087706533	0.081904733	0.120628
14.2096	0.0877014	0.081912433	0.120643333
14.231	0.0876943	0.0819199	0.120656667
14.2524	0.087684867	0.081927067	0.120666667
14.2738	0.087672967	0.081933967	0.120674333
14.2952	0.087658667	0.0819408	0.120679333
14.3166	0.087642233	0.0819481	0.120682333
14.338	0.087624	0.081956133	0.120684667
14.3594	0.0876043	0.081965267	0.120687
14.3808	0.087583367	0.0819757	0.120689
14.4022	0.087561333	0.081987633	0.120691667
14.4236	0.087538367	0.082001	0.120694667
14.445	0.0875147	0.082015433	0.120697
14.4664	0.087490667	0.0820307	0.120698667
14.4878	0.0874666	0.082046267	0.120699
14.5092	0.087442967	0.082061933	0.120697
14.5306	0.087419933	0.082077667	0.120692333
14.552	0.0873977	0.082093567	0.120684667
14.5734	0.087376367	0.08211	0.120674333
14.5948	0.087355767	0.0821275	0.120661667
14.6162	0.087335733	0.0821464	0.120647333
14.6376	0.087316	0.082167067	0.120631667
14.659	0.087296233	0.082189367	0.120615333
14.6804	0.087276067	0.0822133	0.120599333
14.7018	0.0872553	0.0822384	0.120583
14.7232	0.087233667	0.082264133	0.120567667
14.7446	0.0872112	0.08229	0.120553
14.766	0.087187867	0.0823154	0.120540333
14.7874	0.0871636	0.082339867	0.120529
14.8088	0.087138567	0.0823632	0.120519333
14.8302	0.087112733	0.082385267	0.120511
14.8516	0.0870863	0.082406133	0.120504
14.873	0.0870596	0.082425933	0.120498
14.8944	0.087032867	0.082444733	0.120492667
14.9158	0.087006533	0.0824626	0.120488333
14.9372	0.086981033	0.082479533	0.120484333
14.9586	0.0869567	0.0824955	0.120482
14.98	0.086933867	0.082510433	0.120480667
15.0014	0.0869128	0.082524433	0.120480667
15.0228	0.086893733	0.082537433	0.120482
15.0442	0.086876733	0.082549467	0.120484667
15.0656	0.0868618	0.082560667	0.120487333
15.087	0.0868487	0.082571067	0.12049
15.1084	0.086837033	0.082580633	0.120492333
15.1298	0.0868264	0.082589467	0.120493667
15.1512	0.086816333	0.082597567	0.120494
15.1726	0.086806433	0.0826051	0.120494333
15.194	0.086796433	0.0826121	0.120493667
15.2154	0.086786167	0.0826188	0.120492667
15.2368	0.0867756	0.082625267	0.120491667
15.2582	0.0867646	0.0826315	0.120491333
15.2796	0.086753233	0.0826373	0.120491333
15.301	0.086741533	0.082642367	0.120492333
15.3224	0.086729833	0.0826462	0.120494667
15.3438	0.086718567	0.0826483	0.120498333
15.3652	0.0867083	0.082648133	0.120502667
15.3866	0.0866998	0.0826454	0.120508
15.408	0.086693667	0.082640033	0.120514667
15.4294	0.086690367	0.082632233	0.120522333
15.4508	0.0866903	0.082622567	0.120532667
15.4722	0.0866937	0.0826115	0.120545667
15.4936	0.086700433	0.082599667	0.120562
15.515	0.086710267	0.082587367	0.120583333
15.5364	0.0867228	0.082575033	0.120608333
15.5578	0.086737533	0.082562733	0.120638
15.5792	0.086754	0.0825506	0.120670667
15.6006	0.0867718	0.0825388	0.120706667
15.622	0.086790467	0.082527533	0.120744667
15.6434	0.0868093	0.082516967	0.120784333
15.6648	0.0868277	0.0825073	0.120825
15.6862	0.0868449	0.082498633	0.120866333
15.7076	0.086860367	0.082490967	0.120908333
15.729	0.0868738	0.082484167	0.120951
15.7504	0.086885267	0.082478	0.120993333
15.7718	0.086895067	0.0824722	0.121037
15.7932	0.086903733	0.082466633	0.121081333
15.8146	0.086911533	0.082461133	0.121128
15.836	0.0869189	0.082455633	0.121176667
15.8574	0.086926167	0.082450167	0.121228333
15.8788	0.086933767	0.0824447	0.121283
15.9002	0.086942133	0.0824393	0.121340667
15.9216	0.086951667	0.082434067	0.121401333
15.943	0.086962567	0.082429167	0.121463333
15.9644	0.086974767	0.082424833	0.121527333
15.9858	0.086988	0.082421233	0.121592333
16.0072	0.087001733	0.0824182	0.121658
16.0286	0.087015533	0.082415567	0.121722333
16.05	0.087029	0.082412967	0.121786667
16.0714	0.087042033	0.082409967	0.12185
16.0928	0.087054733	0.0824061	0.121911667
16.1142	0.087067367	0.082401133	0.121972667
16.1356	0.0870804	0.0823948	0.122031333
16.157	0.087094133	0.082387	0.122089667
16.1784	0.087108967	0.0823774	0.122147
16.1998	0.087124967	0.082365933	0.122203667
16.2212	0.0871422	0.0823525	0.122260333
16.2426	0.0871607	0.0823374	0.122315333
16.264	0.0871804	0.082321	0.12237
16.2854	0.087201267	0.082304167	0.122423
16.3068	0.087223133	0.082287833	0.122474
16.3282	0.087245767	0.082272833	0.122522
16.3496	0.087268767	0.082259833	0.122567667
16.371	0.087291667	0.082249233	0.122609333
16.3924	0.087314267	0.082241167	0.122648667
16.4138	0.087336267	0.082235667	0.122683667
16.4352	0.0873578	0.0822328	0.122714667
16.4566	0.087378967	0.082232433	0.122742
16.478	0.0873999	0.082234633	0.122766
16.4994	0.087420933	0.0822393	0.122785333
16.5208	0.087441967	0.082246133	0.122800667
16.5422	0.087463133	0.0822547	0.122812333
16.5636	0.087484433	0.0822643	0.12282
16.585	0.087505833	0.082274333	0.122824
16.6064	0.087527367	0.0822842	0.122824333
16.6278	0.087549233	0.082293367	0.122821667
16.6492	0.087571633	0.082301567	0.122815
16.6706	0.087594567	0.082308667	0.122806
16.692	0.087617933	0.082314633	0.122794333
16.7134	0.087641667	0.0823194	0.122781333
16.7348	0.087665567	0.0823229	0.122767
16.7562	0.087689667	0.082325033	0.122751667
16.7776	0.087713967	0.082325667	0.122735667
16.799	0.087738567	0.0823248	0.122719333
16.8204	0.087763333	0.0823224	0.122702333
16.8418	0.0877879	0.0823185	0.122685
16.8632	0.087811567	0.0823132	0.122666667
16.8846	0.087833267	0.082306567	0.122647667
16.906	0.087852067	0.082298867	0.122628
16.9274	0.087867133	0.0822901	0.122606667
16.9488	0.087877867	0.082280267	0.122585
16.9702	0.087884233	0.0822695	0.122563
16.9916	0.087886467	0.082257767	0.122541
17.013	0.087885167	0.082245067	0.122519
17.0344	0.087881033	0.082231633	0.122498
17.0558	0.087874967	0.082217333	0.122477
17.0772	0.087867733	0.082202667	0.122457
17.0986	0.087859967	0.0821878	0.122437667
17.12	0.087852	0.082173133	0.122418
17.1414	0.087844033	0.082158867	0.122398667
17.1628	0.087836	0.0821451	0.122378667
17.1842	0.0878278	0.0821318	0.122357667
17.2056	0.087819433	0.082118833	0.122334667
17.227	0.087810767	0.082105933	0.122308333
17.2484	0.0878015	0.082092967	0.122278667
17.2698	0.087791267	0.0820797	0.122244
17.2912	0.087779533	0.082065933	0.122204667
17.3126	0.087765533	0.082051533	0.122160667
17.334	0.087748667	0.082036267	0.122112333
17.3554	0.0877284	0.0820201	0.122060333
17.3768	0.087704533	0.082003067	0.122005667
17.3982	0.087677333	0.081985233	0.121948333
17.4196	0.087647267	0.0819667	0.121891333
17.441	0.087615267	0.081947833	0.121834
17.4624	0.0875821	0.081928733	0.121777667
17.4838	0.087548833	0.0819099	0.121724
17.5052	0.087516233	0.0818916	0.121671667
17.5266	0.087485167	0.081874033	0.121621667
17.548	0.087456233	0.0818575	0.121574
17.5694	0.0874299	0.0818422	0.121528
17.5908	0.0874065	0.0818283	0.121483
17.6122	0.087386233	0.0818161	0.121439
17.6336	0.087369067	0.081805933	0.121395667
17.655	0.087355033	0.0817983	0.121352333
17.6764	0.087344	0.081793733	0.121308
17.6978	0.087336	0.081792667	0.121264
17.7192	0.087331	0.081795333	0.121219
17.7406	0.087328933	0.081801833	0.121174333
17.762	0.0873296	0.081811967	0.121129333
17.7834	0.087332667	0.081825667	0.121084667
17.8048	0.087337767	0.0818425	0.121040333
17.8262	0.087344433	0.0818624	0.120996667
17.8476	0.087352033	0.081885067	0.120953
17.869	0.087360167	0.081910167	0.120910333
17.8904	0.0873684	0.081937167	0.120868
17.9118	0.087376533	0.0819653	0.120827
17.9332	0.087384467	0.0819936	0.120786333
17.9546	0.0873924	0.082021333	0.120747333
17.976	0.087400533	0.082047533	0.12071
17.9974	0.087409267	0.0820718	0.120675333
18.0188	0.087418867	0.082093967	0.120642333
18.0402	0.087429567	0.082113967	0.120612
18.0616	0.087441367	0.082131933	0.120583
18.083	0.087454	0.0821479	0.120556333
18.1044	0.0874669	0.082162	0.120531
18.1258	0.0874794	0.082174067	0.120507667
18.1472	0.087490967	0.082184133	0.120486
18.1686	0.087501067	0.082192433	0.120466333
18.19	0.0875095	0.082199233	0.120448333
18.2114	0.087516333	0.082205233	0.120431333
18.2328	0.087521933	0.082210933	0.120415
18.2542	0.087526733	0.0822169	0.120399
18.2756	0.087531433	0.0822236	0.120382667
18.297	0.087536567	0.0822311	0.120366
18.3184	0.087542833	0.082239133	0.120349333
18.3398	0.087550767	0.0822472	0.120333
18.3612	0.087560967	0.082254467	0.120316667
18.3826	0.0875738	0.082260067	0.120300333
18.404	0.087589333	0.082263367	0.120283
18.4254	0.087607233	0.082263933	0.120264
18.4468	0.087627	0.082261733	0.120243
18.4682	0.087647867	0.082257067	0.120219333
18.4896	0.0876693	0.082250467	0.120192667
18.511	0.087690833	0.082242533	0.120163667
18.5324	0.087712267	0.0822338	0.120132333
18.5538	0.087733433	0.082224733	0.1201
18.5752	0.087754133	0.082215767	0.120066333
18.5966	0.087774	0.082207067	0.120031667
18.618	0.0877926	0.082198933	0.119997667
18.6394	0.087809667	0.082191533	0.119964667
18.6608	0.087825067	0.0821849	0.119933
18.6822	0.087838833	0.082179033	0.119903333
18.7036	0.087851367	0.0821736	0.119876333
18.725	0.087863233	0.082168367	0.119851667
18.7464	0.087874933	0.082163	0.119830333
18.7678	0.087887067	0.082157033	0.119811667
18.7892	0.087899867	0.0821505	0.119796667
18.8106	0.087913467	0.082143267	0.119785
18.832	0.087927567	0.0821354	0.119777
18.8534	0.0879419	0.082127167	0.119772
18.8748	0.087956	0.082118633	0.119769333
18.8962	0.087969567	0.082110033	0.119768667
18.9176	0.0879823	0.082101467	0.119770333
18.939	0.087994133	0.0820929	0.119773
18.9604	0.088004933	0.082084133	0.119776667
18.9818	0.0880149	0.082075033	0.119781667
19.0032	0.0880241	0.082065133	0.119787333
19.0246	0.088032733	0.082054	0.119794333
19.046	0.088040967	0.0820413	0.119803
19.0674	0.0880487	0.0820267	0.119812667
19.0888	0.088055767	0.082009967	0.119824
19.1102	0.088061633	0.0819912	0.119836333
19.1316	0.088065633	0.0819707	0.119850667
19.153	0.088067233	0.081948933	0.119865667
19.1744	0.088065833	0.0819266	0.119882333
19.1958	0.088061067	0.0819041	0.119899333
19.2172	0.088052667	0.081882033	0.119917
19.2386	0.0880404	0.0818608	0.119934333
19.26	0.0880242	0.0818406	0.119949667
19.2814	0.088003867	0.081821967	0.119962667
19.3028	0.0879795	0.081805167	0.119972
19.3242	0.087951367	0.081790433	0.119977333
19.3456	0.087919967	0.0817781	0.119979
19.367	0.087886333	0.081768033	0.119976
19.3884	0.087851467	0.081760067	0.119968
19.4098	0.087816467	0.081753633	0.119955333
19.4312	0.087782233	0.0817481	0.119939
19.4526	0.087749467	0.081742833	0.119917667
19.474	0.087718633	0.0817371	0.119893
19.4954	0.087689833	0.081730533	0.119865333
19.5168	0.087662867	0.081723	0.119834667
19.5382	0.087637367	0.081714667	0.119802
19.5596	0.0876125	0.081706033	0.119766
19.581	0.0875876	0.081697667	0.119728333
19.6024	0.087561933	0.0816902	0.119688667
19.6238	0.0875351	0.081684	0.119646667
19.6452	0.087507033	0.081679467	0.119602667
19.6666	0.087477933	0.081676733	0.119555333
19.688	0.0874484	0.081675867	0.119505
19.7094	0.087419167	0.081676733	0.119450333
19.7308	0.0873909	0.081679067	0.119390667
19.7522	0.0873643	0.0816825	0.119326
19.7736	0.0873399	0.081686667	0.119257333
19.795	0.087318133	0.0816911	0.119183
19.8164	0.0872993	0.0816957	0.119105667
19.8378	0.087283733	0.081700033	0.119024667
19.8592	0.0872716	0.081704033	0.118942
19.8806	0.087262867	0.0817075	0.118858333
19.902	0.0872576	0.0817105	0.118774667
19.9234	0.087255633	0.081712933	0.118691333
19.9448	0.0872563	0.081715	0.118609
19.9662	0.0872592	0.081716533	0.118527667
19.9876	0.087263267	0.0817176	0.118447667
20.009	0.087267833	0.0817179	0.118368
20.0304	0.0872719	0.081716967	0.118289333
20.0518	0.087274667	0.081714433	0.118211667
20.0732	0.087275467	0.08171	0.118135333
20.0946	0.0872735	0.0817036	0.118060667
20.116	0.087268367	0.081695533	0.117988333
20.1374	0.087259667	0.0816864	0.117919333
20.1588	0.087247133	0.081676967	0.117853333
20.1802	0.087230667	0.081667667	0.117791
20.2016	0.087210367	0.081659	0.117733667
20.223	0.087186667	0.081650933	0.117680333
20.2444	0.087160267	0.081643533	0.117631
20.2658	0.0871319	0.081636567	0.117585667
20.2872	0.087102533	0.0816299	0.117543667
20.3086	0.087072867	0.081623767	0.117505333
20.33	0.087043567	0.081618267	0.117469333
20.3514	0.087015033	0.081613767	0.117435
20.3728	0.0869876	0.0816106	0.117402
20.3942	0.086961167	0.081609033	0.117369
20.4156	0.086935367	0.0816092	0.117336667
20.437	0.086909733	0.081611533	0.117304333
20.4584	0.086883833	0.081616133	0.117271333
20.4798	0.086857167	0.081623533	0.117238667
20.5012	0.086829633	0.081633933	0.117206
20.5226	0.086801467	0.081647667	0.117174667
20.544	0.086772967	0.081664933	0.117144
20.5654	0.0867448	0.081685867	0.117114667
20.5868	0.086717467	0.081710633	0.117086333
20.6082	0.0866914	0.081739333	0.117059
20.6296	0.086666633	0.0817723	0.117033333
20.651	0.0866431	0.0818094	0.117008333
20.6724	0.086620333	0.081850667	0.116984667
20.6938	0.0865977	0.0818958	0.116962333
20.7152	0.086574567	0.0819441	0.11694
20.7366	0.0865503	0.081995067	0.116919667
20.758	0.0865243	0.0820479	0.116899667
20.7794	0.086496167	0.082101933	0.116881
20.8008	0.086465967	0.082156567	0.116863333
20.8222	0.086433767	0.0822113	0.116847333
20.8436	0.086400067	0.082265467	0.116832667
20.865	0.086365567	0.082318733	0.116819667
20.8864	0.0863311	0.082370667	0.116809333
20.9078	0.086297433	0.082421233	0.116801333
20.9292	0.0862655	0.082470467	0.116796
20.9506	0.086236	0.082518467	0.116793667
20.972	0.086209433	0.0825654	0.116793667
20.9934	0.086186267	0.082611267	0.116796
21.0148	0.086166833	0.082656033	0.116801333
21.0362	0.086151133	0.0826995	0.11681
21.0576	0.086138933	0.0827417	0.116822333
21.079	0.086129667	0.082782367	0.116839333
21.1004	0.086122667	0.0828215	0.116861667
21.1218	0.086117	0.082859133	0.116888667
21.1432	0.086111733	0.082895267	0.116921
21.1646	0.0861062	0.0829302	0.116958
21.186	0.0860999	0.082964267	0.116999
21.2074	0.0860926	0.082997867	0.117043
21.2288	0.086084133	0.083031233	0.117089667
21.2502	0.0860747	0.083064633	0.117137667
21.2716	0.086064133	0.083097767	0.117187
21.293	0.086052533	0.0831303	0.117237333
21.3144	0.0860398	0.083161767	0.117288667
21.3358	0.086025833	0.083191833	0.117341667
21.3572	0.086010467	0.0832202	0.117395667
21.3786	0.085993667	0.083246833	0.117451
21.4	0.085975533	0.083271833	0.117508333
21.4214	0.085956167	0.0832951	0.117566667
21.4428	0.085935967	0.083316633	0.117625667
21.4642	0.0859153	0.083335933	0.117685333
21.4856	0.085894667	0.0833527	0.117744333
21.507	0.0858744	0.083366433	0.117802333
21.5284	0.0858547	0.083376767	0.117858333
21.5498	0.085835567	0.0833833	0.117911
21.5712	0.085816933	0.083385833	0.117960667
21.5926	0.085798867	0.0833841	0.118007
21.614	0.085781633	0.0833782	0.118049333
21.6354	0.0857658	0.083368167	0.118088667
21.6568	0.0857518	0.0833545	0.118125
21.6782	0.085740267	0.083337767	0.118158333
21.6996	0.085731433	0.083318667	0.11819
21.721	0.085725333	0.0832978	0.118219333
21.7424	0.085721633	0.083275767	0.118247
21.7638	0.0857199	0.083253167	0.118273333
21.7852	0.085719667	0.083230733	0.118297333
21.8066	0.085720467	0.083209233	0.118319
21.828	0.085722	0.083189467	0.118338
21.8494	0.085724	0.0831722	0.118354333
21.8708	0.085726167	0.083157933	0.118367
21.8922	0.085728367	0.083146733	0.118376667
21.9136	0.085730367	0.0831382	0.118383
21.935	0.085732067	0.083131567	0.118385667
21.9564	0.085733533	0.083125733	0.118386333
21.9778	0.085735067	0.083119667	0.118384667
21.9992	0.085736833	0.083112467	0.118381667
22.0206	0.085739067	0.083103667	0.118376667
22.042	0.085741867	0.0830932	0.118371
22.0634	0.0857453	0.083081367	0.118364
22.0848	0.085749433	0.083068733	0.118355667
22.1062	0.085754133	0.0830557	0.118345667
22.1276	0.085759267	0.083042667	0.118333667
22.149	0.0857646	0.083029767	0.11832
22.1704	0.085769767	0.083016967	0.118304
22.1918	0.085774433	0.083004133	0.118285667
22.2132	0.085778233	0.082991167	0.118264333
22.2346	0.0857808	0.082978167	0.118240667
22.256	0.0857822	0.082965433	0.118213667
22.2774	0.085782567	0.082953433	0.118183333
22.2988	0.0857822	0.082942833	0.118151
22.3202	0.085781433	0.082934	0.118116
22.3416	0.085780633	0.082927467	0.118079333
22.363	0.085779967	0.082923467	0.118041333
22.3844	0.0857796	0.082922267	0.118002667
22.4058	0.085779433	0.082924	0.117963333
22.4272	0.085779733	0.082928733	0.117924
22.4486	0.085780667	0.082936533	0.117885
22.47	0.085782767	0.0829473	0.117846667
22.4914	0.085786533	0.0829607	0.117808333
22.5128	0.085792667	0.082976567	0.117769333
22.5342	0.085801633	0.0829945	0.117730667
22.5556	0.085813867	0.083014067	0.117691667
22.577	0.085829333	0.083035	0.117651667
22.5984	0.085848	0.083056833	0.117611667
22.6198	0.085869567	0.0830793	0.117571
22.6412	0.085893867	0.083101967	0.117529333
22.6626	0.085920467	0.083124467	0.117486333
22.684	0.085949233	0.083146467	0.117443333
22.7054	0.08598	0.0831678	0.117399333
22.7268	0.0860126	0.0831885	0.117355667
22.7482	0.086046833	0.083208533	0.117312333
22.7696	0.0860825	0.0832278	0.11727
22.791	0.086119	0.0832463	0.117229333
22.8124	0.0861558	0.0832638	0.117190333
22.8338	0.086192267	0.0832802	0.117153
22.8552	0.086228	0.0832954	0.117117333
22.8766	0.086262767	0.0833095	0.117083333
22.898	0.0862964	0.083322533	0.117050667
22.9194	0.086328967	0.083334733	0.117019
22.9408	0.086360533	0.083346267	0.116987667
22.9622	0.086391167	0.083357367	0.116955667
22.9836	0.086420733	0.083367933	0.116922667
23.005	0.0864491	0.0833779	0.116887667
23.0264	0.086476	0.083387167	0.116848667
23.0478	0.0865012	0.083395567	0.116805333
23.0692	0.086524533	0.083402967	0.116757
23.0906	0.086546033	0.083409233	0.116703333
23.112	0.086565933	0.083414633	0.116644
23.1334	0.086584733	0.0834193	0.11658
23.1548	0.086603067	0.083423667	0.116511667
23.1762	0.086621633	0.083428133	0.116439667
23.1976	0.086640967	0.083433	0.116364667
23.219	0.086661667	0.083438567	0.116287
23.2404	0.086683833	0.083444833	0.116207333
23.2618	0.0867075	0.083451367	0.116126333
23.2832	0.086732533	0.0834576	0.116044
23.3046	0.086758767	0.0834628	0.11596
23.326	0.086786133	0.0834662	0.115875333
23.3474	0.086814667	0.083467267	0.115789667
23.3688	0.086844767	0.083465733	0.115703333
23.3902	0.0868768	0.0834618	0.115617
23.4116	0.0869113	0.083456	0.115531667
23.433	0.086948867	0.0834489	0.115448333
23.4544	0.086989933	0.0834411	0.115367
23.4758	0.0870346	0.083432967	0.115289
23.4972	0.087082867	0.0834247	0.115214333
23.5186	0.087134267	0.0834163	0.115143333
23.54	0.087188133	0.083407733	0.115075833
23.5614	0.087243533	0.083399167	0.115011933
23.5828	0.0872996	0.0833907	0.1149514
23.6042	0.087355467	0.083382733	0.114893933
23.6256	0.087410433	0.083375833	0.114840533
23.647	0.087464033	0.083370467	0.114790467
23.6684	0.0875159	0.083367133	0.114743833
23.6898	0.087565967	0.083366167	0.114700067
23.7112	0.087614033	0.083367733	0.1146599
23.7326	0.087660033	0.083371767	0.114621567
23.754	0.087703867	0.0833779	0.114585367
23.7754	0.0877453	0.083385567	0.1145503
23.7968	0.087784233	0.0833941	0.1145151
23.8182	0.0878206	0.083402733	0.1144797
23.8396	0.0878546	0.083410967	0.114443567
23.861	0.0878866	0.083418333	0.1144066
23.8824	0.087916967	0.083424733	0.114368933
23.9038	0.0879461	0.083430167	0.114332367
23.9252	0.0879745	0.083434733	0.114296267
23.9466	0.0880024	0.0834386	0.114262
23.968	0.088030167	0.083441933	0.114229633
23.9894	0.088058	0.083444833	0.114199133
24.0108	0.088086233	0.0834473	0.114170667
24.0322	0.088115067	0.0834493	0.114143433
24.0536	0.088144667	0.083450667	0.114117333
24.075	0.088175067	0.0834514	0.114092133
24.0964	0.088206	0.083451567	0.1140674
24.1178	0.088237167	0.083451367	0.1140447
24.1392	0.088268	0.0834511	0.1140237
24.1606	0.088297967	0.083450967	0.1140059
24.182	0.088326467	0.083451433	0.1139923
24.2034	0.088352967	0.0834528	0.113982467
24.2248	0.088377	0.083455267	0.1139764
24.2462	0.0883986	0.083458933	0.113974733
24.2676	0.088418067	0.083463833	0.113976367
24.289	0.088436033	0.083469567	0.113980433
24.3104	0.088453433	0.083475833	0.113986367
24.3318	0.088471167	0.0834822	0.1139936
24.3532	0.088489967	0.0834883	0.114001333
24.3746	0.088510433	0.083493733	0.114010667
24.396	0.088532733	0.0834983	0.114021533
24.4174	0.088556767	0.083501567	0.114034167
24.4388	0.088582067	0.083503233	0.114050633
24.4602	0.088607967	0.083503133	0.114070767
24.4816	0.0886337	0.083501167	0.114095467
24.503	0.088658433	0.0834974	0.1141263
24.5244	0.088681667	0.083492033	0.114163133
24.5458	0.088702933	0.083485533	0.114206967
24.5672	0.0887222	0.083478233	0.114257167
24.5886	0.0887395	0.083470633	0.114315167
24.61	0.088754967	0.083462933	0.114379667
24.6314	0.088768967	0.0834554	0.114450667
24.6528	0.088781933	0.083448233	0.114527
24.6742	0.088794267	0.083441433	0.114608333
24.6956	0.0888064	0.083435	0.114693
24.717	0.088818567	0.083428967	0.114780333
24.7384	0.0888311	0.083423233	0.114869667
24.7598	0.0888442	0.0834177	0.114959333
24.7812	0.088858233	0.083412333	0.115049667
24.8026	0.0888736	0.083407	0.115139333
24.824	0.0888907	0.0834017	0.115228
24.8454	0.0889098	0.0833964	0.115314333
24.8668	0.088931033	0.083391033	0.115397333
24.8882	0.088954467	0.0833855	0.115476333
24.9096	0.088979767	0.083379633	0.115550333
24.931	0.089006633	0.0833732	0.115618333
24.9524	0.089034533	0.083366233	0.115680333
24.9738	0.089063067	0.083358667	0.115736
24.9952	0.089091933	0.083350867	0.115785333
25.0166	0.0891207	0.083342967	0.115828667
25.038	0.089149167	0.083335133	0.115867333
25.0594	0.089176867	0.083327167	0.115900667
25.0808	0.0892034	0.0833189	0.115931333
25.1022	0.0892283	0.083309967	0.115958333
25.1236	0.089251133	0.083300167	0.115983333
25.145	0.089271867	0.083289467	0.116006
25.1664	0.0892906	0.083277767	0.116027333
25.1878	0.0893077	0.083265133	0.116045667
25.2092	0.089323733	0.083251567	0.116062333
25.2306	0.089339067	0.0832369	0.116077
25.252	0.089354033	0.083220933	0.11609
25.2734	0.089368567	0.083203233	0.116102
25.2948	0.0893824	0.083183367	0.116113333
25.3162	0.089395233	0.083161167	0.116126
25.3376	0.0894066	0.0831366	0.116139333
25.359	0.089416367	0.0831099	0.116154667
25.3804	0.089424533	0.083081767	0.116172333
25.4018	0.0894313	0.083053067	0.116192
25.4232	0.089436833	0.083024633	0.116213667
25.4446	0.0894424	0.0829973	0.116239
25.466	0.089447367	0.082971733	0.116266
25.4874	0.089452567	0.082948467	0.116296
25.5088	0.089458	0.0829278	0.116328667
25.5302	0.089463	0.082910133	0.116363333
25.5516	0.089467567	0.082895567	0.116399667
25.573	0.089471533	0.082884467	0.116437
25.5944	0.089474333	0.082876933	0.116474
25.6158	0.0894765	0.082873067	0.11651
25.6372	0.089477567	0.082873	0.116544
25.6586	0.0894781	0.082876933	0.116575
25.68	0.089478633	0.082884833	0.116601667
25.7014	0.089479	0.082896767	0.116624
25.7228	0.089480467	0.082912533	0.116641667
25.7442	0.089482433	0.082931967	0.116654667
25.7656	0.089485567	0.082954467	0.116663333
25.787	0.0894896	0.082979367	0.116667
25.8084	0.089494133	0.083005667	0.116666
25.8298	0.089499033	0.083032267	0.116659667
25.8512	0.089503433	0.083058	0.116647667
25.8726	0.089507367	0.083081833	0.116630667
25.894	0.0895105	0.083102767	0.116608
25.9154	0.089512333	0.083120267	0.116581333
25.9368	0.089512733	0.083133933	0.116550333
25.9582	0.089511933	0.083143733	0.116516667
25.9796	0.0895091	0.083149833	0.11648
26.001	0.089504667	0.083152467	0.116441333
26.0224	0.089498567	0.083151967	0.116401333
26.0438	0.089491133	0.083148533	0.116361
26.0652	0.089482467	0.083142267	0.116321333
26.0866	0.089473733	0.0831334	0.116283333
26.108	0.0894647	0.0831221	0.116247333
26.1294	0.089456867	0.0831089	0.116213667
26.1508	0.089450033	0.083094367	0.116181667
26.1722	0.089444667	0.083079367	0.116151
26.1936	0.089441133	0.0830647	0.116120333
26.215	0.089439533	0.083051	0.116087667
26.2364	0.089439667	0.083038833	0.116053
26.2578	0.0894423	0.0830284	0.116014667
26.2792	0.089446967	0.083019833	0.115972667
26.3006	0.089454367	0.0830131	0.115926667
26.322	0.089463933	0.083008	0.115877333
26.3434	0.089475567	0.0830042	0.115825
26.3648	0.089489133	0.083001167	0.115769667
26.3862	0.089503667	0.0829986	0.115710667
26.4076	0.0895189	0.082995833	0.11565
26.429	0.089534267	0.0829925	0.115586667
26.4504	0.089548933	0.0829884	0.115522333
26.4718	0.089562933	0.082983167	0.115457333
26.4932	0.089575533	0.082976667	0.115393667
26.5146	0.089586367	0.082968933	0.115333333
26.536	0.0895948	0.082960033	0.115277
26.5574	0.089600567	0.082949967	0.115226333
26.5788	0.089603567	0.082938833	0.115182333
26.6002	0.089603133	0.0829266	0.115145
26.6216	0.089600367	0.0829132	0.115113333
26.643	0.0895945	0.0828987	0.115088
26.6644	0.0895863	0.082883133	0.115068333
26.6858	0.089576267	0.082866767	0.115054333
26.7072	0.089564533	0.082849967	0.115044333
26.7286	0.089552067	0.082833133	0.115039333
26.75	0.089538833	0.082816667	0.115038
26.7714	0.0895251	0.082801033	0.115039
26.7928	0.089511533	0.0827863	0.115042333
26.8142	0.089497967	0.0827726	0.115047333
26.8356	0.089485033	0.0827596	0.115054
26.857	0.089472533	0.082746967	0.115061
26.8784	0.089459667	0.0827343	0.115068667
26.8998	0.089446533	0.082721267	0.115076733
26.9212	0.089432167	0.0827077	0.1150855
26.9426	0.0894165	0.082693733	0.115094667
26.964	0.089399	0.0826796	0.115104233
26.9854	0.089379633	0.082665533	0.1151148
27.0068	0.089358333	0.0826519	0.115127167
27.0282	0.089334933	0.082638833	0.1151398
27.0496	0.089309333	0.0826264	0.115154
27.071	0.089281967	0.0826146	0.115168367
27.0924	0.089252367	0.0826032	0.115183533
27.1138	0.0892204	0.082592233	0.115198567
27.1352	0.0891859	0.082581433	0.115213833
27.1566	0.089148733	0.082570667	0.1152295
27.178	0.089108667	0.082559633	0.1152454
27.1994	0.0890653	0.082548	0.115262967
27.2208	0.089018633	0.0825355	0.115281933
27.2422	0.088968767	0.082522067	0.115302667
27.2636	0.088916267	0.082507767	0.1153253
27.285	0.0888614	0.0824928	0.1153489
27.3064	0.088804767	0.0824776	0.115373267
27.3278	0.0887468	0.0824626	0.115396833
27.3492	0.0886879	0.0824481	0.115419367
27.3706	0.088628333	0.082434367	0.115439733
27.392	0.088568333	0.0824218	0.115456433
27.4134	0.0885079	0.082410733	0.115469167
27.4348	0.088447167	0.0824015	0.1154783
27.4562	0.088385967	0.082394433	0.115483933
27.4776	0.0883242	0.0823899	0.1154875
27.499	0.0882617	0.082388133	0.1154892
27.5204	0.088198367	0.082389067	0.1154901
27.5418	0.0881341	0.082392533	0.115490967
27.5632	0.088068933	0.082397933	0.115491733
27.5846	0.088003067	0.082404633	0.115492267
27.606	0.0879365	0.082411967	0.115492067
27.6274	0.087869333	0.0824192	0.115491
27.6488	0.087801567	0.082425933	0.115488967
27.6702	0.087733167	0.082431767	0.1154854
27.6916	0.087664033	0.0824366	0.1154807
27.713	0.087594133	0.082440433	0.1154748
27.7344	0.087523667	0.082443033	0.115468633
27.7558	0.087452933	0.0824442	0.1154627
27.7772	0.0873825	0.0824435	0.115458033
27.7986	0.087312867	0.082440467	0.1154548
27.82	0.087244567	0.082434567	0.1154544
27.8414	0.087178	0.0824256	0.115457633
27.8628	0.087113167	0.0824135	0.1154643
27.8842	0.087049933	0.0823987	0.115473833
27.9056	0.0869881	0.082381567	0.115487333
27.927	0.086927267	0.082362767	0.115502667
27.9484	0.0868673	0.082342733	0.115520333
27.9698	0.086807933	0.0823218	0.115539333
27.9912	0.0867494	0.082299967	0.115559
28.0126	0.086692067	0.082277	0.115579333
28.034	0.086636567	0.082252633	0.115600333
28.0554	0.086583567	0.0822265	0.115621667
28.0768	0.086533667	0.082198533	0.115643333
28.0982	0.0864872	0.0821691	0.115665333
28.1196	0.086444267	0.082138567	0.115687333
28.141	0.086404667	0.082107733	0.115708333
28.1624	0.0863681	0.0820774	0.115729333
28.1838	0.086334367	0.082048233	0.115749333
28.2052	0.086303233	0.0820211	0.115768667
28.2266	0.086274367	0.0819968	0.115787667
28.248	0.086247433	0.081976033	0.115806667
28.2694	0.086222	0.0819594	0.115826
28.2908	0.086197633	0.081947367	0.115845
28.3122	0.0861739	0.0819399	0.115865
28.3336	0.086150633	0.081936733	0.115884333
28.355	0.0861278	0.081937367	0.115904
28.3764	0.086105567	0.081940967	0.115922667
28.3978	0.0860842	0.081946867	0.115940667
28.4192	0.086064	0.081954267	0.115957667
28.4406	0.0860452	0.0819624	0.115973667
28.462	0.086028033	0.081970867	0.115988667
28.4834	0.086012633	0.081979233	0.116003
28.5048	0.085999	0.0819874	0.116017
28.5262	0.085987167	0.0819953	0.116030667
28.5476	0.0859771	0.082002933	0.116046333
28.569	0.085968367	0.082010233	0.116063
28.5904	0.0859608	0.0820171	0.116083333
28.6118	0.0859541	0.0820234	0.116106667
28.6332	0.0859477	0.082029033	0.116133
28.6546	0.085941467	0.082034	0.116162
28.676	0.0859351	0.082038567	0.116192667
28.6974	0.085928467	0.082043033	0.116225667
28.7188	0.0859214	0.0820477	0.116258333
28.7402	0.0859138	0.082052733	0.116292
28.7616	0.085905633	0.082057967	0.116326
28.783	0.0858969	0.082063233	0.116360667
28.8044	0.0858877	0.082068033	0.116395667
28.8258	0.0858781	0.082071933	0.116432
28.8472	0.085868267	0.0820745	0.116469333
28.8686	0.085857967	0.082075533	0.116507
28.89	0.085847	0.082074967	0.116545333
28.9114	0.0858349	0.082073	0.116582
28.9328	0.085821367	0.08207	0.116617667
28.9542	0.085806167	0.082066433	0.116650667
28.9756	0.0857895	0.082062833	0.116680667
28.997	0.0857717	0.082059667	0.116706333
29.0184	0.085753267	0.0820576	0.116728333
29.0398	0.0857349	0.0820569	0.116745333
29.0612	0.085717067	0.082057767	0.116757667
29.0826	0.085699933	0.082060367	0.116765
29.104	0.085683133	0.082064267	0.116768333
29.1254	0.085666267	0.082069	0.116767
29.1468	0.085648433	0.082073867	0.116761333
29.1682	0.085628933	0.082078133	0.116752333
29.1896	0.0856072	0.082081133	0.11674
29.211	0.085582933	0.0820825	0.116724667
29.2324	0.085556333	0.082082233	0.116706333
29.2538	0.0855281	0.082080333	0.116685333
29.2752	0.0854991	0.0820772	0.116661667
29.2966	0.085470367	0.082073367	0.116634667
29.318	0.085442667	0.0820692	0.116605
29.3394	0.085416533	0.082065167	0.116573
29.3608	0.085391867	0.082061367	0.116538333
29.3822	0.0853683	0.082057667	0.116501333
29.4036	0.0853451	0.082053533	0.116461333
29.425	0.0853217	0.082048467	0.116419333
29.4464	0.085297667	0.082041867	0.116375333
29.4678	0.085273033	0.0820339	0.116329
29.4892	0.085248167	0.082025067	0.116281667
29.5106	0.085223567	0.082016433	0.116234
29.532	0.085199667	0.082009067	0.116186667
29.5534	0.0851769	0.0820041	0.11614
29.5748	0.0851553	0.082002167	0.116094
29.5962	0.0851348	0.0820032	0.116048667
29.6176	0.085115433	0.082006933	0.116005333
29.639	0.085097133	0.082012867	0.115963333
29.6604	0.085079967	0.0820204	0.115924333
29.6818	0.0850642	0.082029167	0.115889
29.7032	0.085050033	0.082039033	0.115858333
29.7246	0.085037533	0.08205	0.115832667
29.746	0.0850268	0.0820618	0.115812667
29.7674	0.085017733	0.082074367	0.115797667
29.7888	0.085010233	0.0820873	0.115786667
29.8102	0.085004133	0.0821005	0.115778667
29.8316	0.0849996	0.0821137	0.115773333
29.853	0.084996533	0.082126933	0.115768667
29.8744	0.0849952	0.082140333	0.115764333
29.8958	0.0849955	0.082154267	0.115760667
29.9172	0.084997267	0.082169133	0.115755667
29.9386	0.085000333	0.0821853	0.115750333
29.96	0.085004333	0.082202967	0.115743
29.9814	0.085009067	0.082222433	0.115734667
30.0028	0.085014367	0.082243667	0.115724333
30.0242	0.085020333	0.082266467	0.115711333
30.0456	0.085027267	0.082290467	0.115696333
30.067	0.085035467	0.0823151	0.115678667
30.0884	0.085045367	0.0823397	0.115657667
30.1098	0.085057233	0.082363533	0.115633667
30.1312	0.0850711	0.082385867	0.115606333
30.1526	0.0850868	0.082406233	0.115574333
30.174	0.085104033	0.082424333	0.115539
30.1954	0.085122233	0.082440133	0.115499333
30.2168	0.085140967	0.082454	0.115455667
30.2382	0.0851598	0.0824662	0.115409667
30.2596	0.085178233	0.082477067	0.115361333
30.281	0.0851959	0.082486967	0.115311
30.3024	0.0852126	0.082496	0.11526
30.3238	0.085228233	0.082504433	0.115209
30.3452	0.0852428	0.0825124	0.115158667
30.3666	0.0852564	0.082519867	0.115108667
30.388	0.0852692	0.082526933	0.11506
30.4094	0.085281333	0.082533633	0.115012
30.4308	0.085292867	0.08254	0.114966333
30.4522	0.085303833	0.082546133	0.114922667
30.4736	0.0853143	0.082552033	0.114881333
30.495	0.085324267	0.0825576	0.114843667
30.5164	0.085333933	0.082562667	0.114808667
30.5378	0.0853432	0.0825668	0.114777333
30.5592	0.085352067	0.082569767	0.114748667
30.5806	0.085360433	0.0825713	0.114722667
30.602	0.0853679	0.082571433	0.1147
30.6234	0.085374267	0.082570433	0.11468
30.6448	0.085379033	0.082568867	0.114661667
30.6662	0.085381867	0.082567433	0.114645667
30.6876	0.085382367	0.082566967	0.114631333
30.709	0.08538	0.082568367	0.114619667
30.7304	0.085374467	0.082572467	0.11461
30.7518	0.085365533	0.082580033	0.114602
30.7732	0.0853532	0.0825917	0.114597
30.7946	0.085337867	0.0826079	0.114594333
30.816	0.085320333	0.0826288	0.114594333
30.8374	0.085301533	0.082654433	0.114596333
30.8588	0.085282567	0.082684633	0.114599667
30.8802	0.085264367	0.082719	0.114603667
30.9016	0.0852474	0.082757033	0.114607
30.923	0.085231767	0.082798267	0.114608333
30.9444	0.085217133	0.0828422	0.114606667
30.9658	0.085202933	0.0828884	0.114601333
30.9872	0.0851886	0.0829364	0.114591333
31.0086	0.085173467	0.082985667	0.114577
31.03	0.085157067	0.0830354	0.114558333
31.0514	0.085139033	0.083084733	0.114536
31.0728	0.0851192	0.083132733	0.114511333
31.0942	0.085097133	0.083178433	0.114485
31.1156	0.085072767	0.0832211	0.114458667
31.137	0.085045733	0.083260233	0.114432333
31.1584	0.085016	0.0832957	0.114407333
31.1798	0.0849832	0.083327467	0.114384333
31.2012	0.084947267	0.083355867	0.114364333
31.2226	0.084908333	0.0833813	0.114346667
31.244	0.084866733	0.0834042	0.114331333
31.2654	0.084823233	0.083424967	0.114318
31.2868	0.084778767	0.083443833	0.114306
31.3082	0.084734433	0.083460833	0.114295667
31.3296	0.084691233	0.0834759	0.114286
31.351	0.0846498	0.083488833	0.114277333
31.3724	0.0846106	0.083499567	0.114268333
31.3938	0.0845738	0.083508067	0.114259333
31.4152	0.0845394	0.0835146	0.114249667
31.4366	0.084507367	0.083519533	0.114239
31.458	0.0844775	0.083523367	0.114228
31.4794	0.084449633	0.083526667	0.114215667
31.5008	0.0844232	0.083529833	0.114201667
31.5222	0.0843976	0.083533167	0.114186333
31.5436	0.084372167	0.0835368	0.114169333
31.565	0.0843461	0.083540633	0.114150667
31.5864	0.0843189	0.0835445	0.114130667
31.6078	0.084290167	0.0835482	0.114111667
31.6292	0.084259967	0.083551533	0.114092333
31.6506	0.0842284	0.083554233	0.114075333
31.672	0.084196033	0.083556	0.114060667
31.6934	0.084163333	0.0835565	0.114049
31.7148	0.0841308	0.083555333	0.114041
31.7362	0.084099067	0.083552267	0.114037333
31.7576	0.084068467	0.083546967	0.114037667
31.779	0.084039267	0.0835393	0.114041333
31.8004	0.084011667	0.0835291	0.114048
31.8218	0.083985433	0.0835162	0.114057
31.8432	0.083960467	0.083500733	0.114068667
31.8646	0.083936367	0.083482733	0.114082333
31.886	0.083912867	0.0834627	0.114097333
31.9074	0.083889567	0.083441067	0.114114667
31.9288	0.0838663	0.083418367	0.114134
31.9502	0.083842867	0.083395	0.114156
31.9716	0.083819367	0.0833714	0.114180667
31.993	0.083795933	0.083347967	0.114207
32.0144	0.083772733	0.083324933	0.114235667
32.0358	0.083749867	0.0833027	0.114265333
32.0572	0.083727267	0.083281867	0.114296333
32.0786	0.083704933	0.083262667	0.114327333
32.1	0.083682833	0.0832454	0.114358
32.1214	0.083661267	0.083229933	0.114388667
32.1428	0.0836408	0.083216267	0.114418
32.1642	0.083622033	0.083204033	0.114446667
32.1856	0.083605567	0.083193167	0.114474333
32.207	0.083591933	0.083183433	0.114499667
32.2284	0.0835814	0.083174767	0.114524
32.2498	0.083574233	0.083167067	0.114546333
32.2712	0.083570467	0.083160233	0.1145657
32.2926	0.0835704	0.083154067	0.1145824
32.314	0.0835739	0.083148667	0.114595933
32.3354	0.083580733	0.083143867	0.114605067
32.3568	0.0835903	0.0831396	0.114610933
32.3782	0.083602	0.083135967	0.114612033
32.3996	0.083614933	0.083133067	0.1146107
32.421	0.083628467	0.0831311	0.114606667
32.4424	0.083642133	0.083130167	0.114601667
32.4638	0.083655433	0.083130167	0.1145958
32.4852	0.0836681	0.0831307	0.1145898
32.5066	0.083679867	0.0831313	0.114583967
32.528	0.083690367	0.083131367	0.1145785
32.5494	0.083699267	0.083130433	0.114573067
32.5708	0.083706333	0.083128267	0.114567533
32.5922	0.083711267	0.083124533	0.1145619
32.6136	0.083714167	0.0831193	0.114555767
32.635	0.083714933	0.083112467	0.114548667
32.6564	0.083713767	0.0831038	0.114540033
32.6778	0.0837111	0.083092867	0.1145302
32.6992	0.0837071	0.083079433	0.114519167
32.7206	0.083702033	0.083063067	0.114507833
32.742	0.083696	0.083043833	0.1144956
32.7634	0.083688833	0.083021967	0.114484067
32.7848	0.083680267	0.0829982	0.114473867
32.8062	0.083669867	0.082973333	0.1144651
32.8276	0.0836572	0.082948333	0.114458167
32.849	0.083641867	0.0829238	0.114453867
32.8704	0.0836237	0.082900367	0.114451367
32.8918	0.083602933	0.0828782	0.1144516
32.9132	0.08358	0.0828575	0.114453733
32.9346	0.083555267	0.0828383	0.1144583
32.956	0.083529267	0.082821	0.114465367
32.9774	0.083502367	0.082805933	0.114474833
32.9988	0.083474933	0.082793567	0.114486467
33.0202	0.0834473	0.082784467	0.1145005
33.0416	0.08342	0.082779	0.114516
33.063	0.0833935	0.082777233	0.1145327
33.0844	0.083368367	0.082778967	0.114549867
33.1058	0.083345033	0.0827837	0.114566767
33.1272	0.083323833	0.082790533	0.1145827
33.1486	0.083305133	0.0827985	0.114597667
33.17	0.0832889	0.082806633	0.114611133
33.1914	0.083275	0.082814233	0.114622967
33.2128	0.083262967	0.082820833	0.114633533
33.2342	0.0832523	0.082826433	0.114642933
33.2556	0.083242333	0.082831267	0.114651467
33.277	0.0832325	0.0828358	0.1146591
33.2984	0.0832223	0.082840467	0.114665967
33.3198	0.083211367	0.0828458	0.114672133
33.3412	0.083199667	0.082852233	0.1146775
33.3626	0.083187133	0.082860067	0.1146824
33.384	0.083174067	0.082869533	0.114687567
33.4054	0.083160567	0.0828808	0.114693167
33.4268	0.083147067	0.0828939	0.1146999
33.4482	0.083133733	0.082908767	0.114707833
33.4696	0.083120933	0.082925267	0.114716767
33.491	0.0831089	0.082943033	0.1147265
33.5124	0.083098	0.082961767	0.1147362
33.5338	0.083088533	0.082980967	0.114745
33.5552	0.0830806	0.083000267	0.114752933
33.5766	0.0830745	0.083019167	0.114759133
33.598	0.083070067	0.083037233	0.114764367
33.6194	0.083067233	0.083054067	0.1147681
33.6408	0.083065667	0.0830693	0.114772367
33.6622	0.0830648	0.0830828	0.114777267
33.6836	0.083064167	0.0830944	0.114783667
33.705	0.0830631	0.0831043	0.114791733
33.7264	0.083061267	0.083112733	0.1148017
33.7478	0.0830584	0.083120133	0.114813967
33.7692	0.083054567	0.083126933	0.114828867
33.7906	0.083050333	0.083133633	0.114846067
33.812	0.0830463	0.083140667	0.114866267
33.8334	0.0830432	0.0831487	0.114888533
33.8548	0.083041667	0.083158233	0.114912533
33.8762	0.083042133	0.083169933	0.114939067
33.8976	0.083044733	0.0831844	0.114966033
33.919	0.0830495	0.083202	0.114994633
33.9404	0.083056133	0.083222833	0.115022667
33.9618	0.083064333	0.0832468	0.115050267
33.9832	0.083073733	0.0832735	0.115076967
34.0046	0.083083833	0.083302433	0.115102167
34.026	0.083094267	0.083332933	0.115126433
34.0474	0.083104433	0.083364233	0.115149467
34.0688	0.083113867	0.0833956	0.115172067
34.0902	0.083122	0.0834262	0.115194067
34.1116	0.083128367	0.0834552	0.115215567
34.133	0.0831324	0.083481833	0.115237367
34.1544	0.0831337	0.083505433	0.1152591
34.1758	0.083132033	0.083525667	0.115280933
34.1972	0.083127	0.083542333	0.115302567
34.2186	0.083118267	0.0835556	0.115324233
34.24	0.0831056	0.083565933	0.115345467
34.2614	0.083088833	0.0835739	0.115366767
34.2828	0.0830679	0.083580133	0.115387733
34.3042	0.083043	0.083585233	0.115409333
34.3256	0.083014467	0.083589767	0.115431
34.347	0.0829825	0.0835939	0.115453833
34.3684	0.082947833	0.083597867	0.115477967
34.3898	0.082911067	0.083601467	0.1155036
34.4112	0.082872767	0.083604533	0.115530867
34.4326	0.082833833	0.083606767	0.11556
34.454	0.0827949	0.0836079	0.115590833
34.4754	0.0827567	0.0836077	0.115622467
34.4968	0.0827198	0.083606067	0.1156547
34.5182	0.082684633	0.083602867	0.115686167
34.5396	0.082651133	0.0835983	0.115716033
34.561	0.082619	0.083592533	0.1157437
34.5824	0.082587567	0.0835858	0.1157685
34.6038	0.082555967	0.083578367	0.115790467
34.6252	0.082523233	0.083570733	0.115810167
34.6466	0.0824886	0.083563233	0.115827167
34.668	0.082451567	0.083556367	0.115842133
34.6894	0.082412033	0.083550667	0.115856433
34.7108	0.0823702	0.0835466	0.1158694
34.7322	0.082326533	0.083544667	0.1158826
34.7536	0.082281533	0.083545167	0.1158954
34.775	0.082235833	0.083548133	0.115908733
34.7964	0.082189967	0.083553367	0.115921667
34.8178	0.0821446	0.0835604	0.1159345
34.8392	0.082100167	0.083568667	0.115945967
34.8606	0.0820572	0.083577433	0.115956167
34.882	0.082015967	0.0835859	0.1159637
34.9034	0.0819769	0.083593333	0.115969333
34.9248	0.081940233	0.083598867	0.1159723
34.9462	0.0819063	0.083601933	0.115973233
34.9676	0.081875367	0.0836023	0.115972567
34.989	0.081847633	0.083599633	0.115971433
35.0104	0.081823267	0.0835943	0.115971033
35.0318	0.081802333	0.083586833	0.1159715
35.0532	0.081784633	0.083577967	0.115974
35.0746	0.0817701	0.083568367	0.1159791
35.096	0.0817584	0.083558767	0.1159877
35.1174	0.0817491	0.083549433	0.1159998
35.1388	0.081741833	0.0835406	0.116015333
35.1602	0.081735967	0.0835321	0.1160348
35.1816	0.081731233	0.0835237	0.116057733
35.203	0.081727267	0.083515233	0.116084767
35.2244	0.081723833	0.0835064	0.116114667
35.2458	0.0817207	0.083497233	0.116148
35.2672	0.081717833	0.083487767	0.116183
35.2886	0.081715033	0.083478033	0.116219533
35.31	0.081712267	0.083468067	0.1162564
35.3314	0.081709433	0.083458133	0.116292367
35.3528	0.081706533	0.0834482	0.1163273
35.3742	0.081703767	0.083438467	0.116360867
35.3956	0.081701333	0.083428833	0.116392133
35.417	0.0816994	0.083419267	0.1164213
35.4384	0.081698267	0.0834095	0.116448233
35.4598	0.081698033	0.083399133	0.1164723
35.4812	0.0816987	0.083387867	0.1164936
35.5026	0.081700033	0.083375267	0.1165121
35.524	0.081701867	0.083361	0.1165286
35.5454	0.081704	0.083344933	0.116544067
35.5668	0.0817063	0.083326867	0.116558767
35.5882	0.081709	0.083306667	0.1165736
35.6096	0.0817124	0.0832841	0.116589167
35.631	0.081717033	0.083259333	0.116605567
35.6524	0.081723433	0.083232133	0.1166226
35.6738	0.081731967	0.083202767	0.116638933
35.6952	0.0817428	0.083171633	0.116654033
35.7166	0.081755733	0.083139267	0.1166677
35.738	0.0817702	0.083106533	0.116680333
35.7594	0.081785233	0.083074167	0.116691533
35.7808	0.081799767	0.083042867	0.116703333
35.8022	0.081812533	0.083013133	0.1167157
35.8236	0.081822367	0.082985033	0.116730133
35.845	0.081828367	0.082958533	0.116746667
35.8664	0.081829933	0.0829335	0.1167654
35.8878	0.081826833	0.082909933	0.116786633
35.9092	0.081819167	0.082888233	0.116809
35.9306	0.0818071	0.082868933	0.116832167
35.952	0.0817912	0.082852667	0.116856233
35.9734	0.081772	0.082840033	0.116880667
35.9948	0.081750367	0.0828312	0.116905333
36.0162	0.081727	0.082826067	0.116930333
36.0376	0.0817028	0.082824167	0.116956333
36.059	0.081678667	0.082824733	0.116982667
36.0804	0.081655433	0.082827033	0.117010333
36.1018	0.081633767	0.0828302	0.117039
36.1232	0.081614267	0.082833733	0.117068333
36.1446	0.081597233	0.0828374	0.117098333
36.166	0.081583033	0.082841033	0.117129333
36.1874	0.081571733	0.082844567	0.117160333
36.2088	0.0815635	0.082848167	0.117191667
36.2302	0.081558367	0.082852	0.117223
36.2516	0.0815565	0.0828562	0.117254667
36.273	0.081557833	0.082860967	0.117286333
36.2944	0.081562367	0.082866333	0.117318333
36.3158	0.081569833	0.082872333	0.117350667
36.3372	0.081580067	0.0828787	0.117384667
36.3586	0.081592767	0.082885367	0.117420667
36.38	0.081607633	0.0828922	0.117458333
36.4014	0.081624333	0.082899233	0.117499
36.4228	0.081642667	0.082906633	0.117541667
36.4442	0.081662567	0.082914733	0.117587
36.4656	0.081683967	0.082923633	0.117634
36.487	0.0817068	0.0829335	0.117682667
36.5084	0.081731	0.0829442	0.117732333
36.5298	0.081756133	0.082955667	0.117782667
36.5512	0.081782	0.082967633	0.117833
36.5726	0.081808233	0.082979667	0.117882667
36.594	0.081834533	0.0829914	0.117931333
36.6154	0.081860867	0.0830023	0.117978
36.6368	0.0818871	0.0830119	0.118022667
36.6582	0.081913433	0.0830198	0.118066
36.6796	0.0819401	0.083025667	0.118107
36.701	0.081967567	0.0830292	0.118147
36.7224	0.081996333	0.0830304	0.118186
36.7438	0.082026533	0.0830293	0.118224
36.7652	0.082058167	0.083026	0.118261333
36.7866	0.0820907	0.083020867	0.118298667
36.808	0.0821234	0.083014467	0.118335333
36.8294	0.0821555	0.083007267	0.118372667
36.8508	0.082186333	0.082999867	0.11841
36.8722	0.0822154	0.0829926	0.118447667
36.8936	0.082242367	0.082985867	0.118485667
36.915	0.082266967	0.0829798	0.118523667
36.9364	0.0822891	0.0829747	0.118562333
36.9578	0.082308633	0.082970967	0.118601667
36.9792	0.082325433	0.082969133	0.118642333
37.0006	0.082339733	0.0829698	0.118683
37.022	0.082351733	0.082973767	0.118725667
37.0434	0.082361767	0.0829817	0.11877
37.0648	0.082370267	0.082994133	0.118815667
37.0862	0.082377767	0.0830114	0.118862333
37.1076	0.082384567	0.083033567	0.118909667
37.129	0.0823911	0.0830603	0.118957333
37.1504	0.082397367	0.0830911	0.119004333
37.1718	0.0824031	0.083125333	0.119051
37.1932	0.0824079	0.083162433	0.119096667
37.2146	0.082411	0.0832019	0.119141
37.236	0.0824117	0.0832433	0.119184
37.2574	0.082409333	0.083286233	0.119225333
37.2788	0.082403433	0.0833303	0.119264333
37.3002	0.082393833	0.083374833	0.119301
37.3216	0.082380733	0.083419333	0.119334
37.343	0.082364333	0.0834632	0.119363667
37.3644	0.082345133	0.083505733	0.11939
37.3858	0.082323567	0.083546367	0.119411667
37.4072	0.0823002	0.083584633	0.119429333
37.4286	0.0822758	0.0836201	0.119443
37.45	0.0822509	0.0836526	0.119453
37.4714	0.082226233	0.083682133	0.11946
37.4928	0.082202233	0.0837088	0.1194638
37.5142	0.0821795	0.0837331	0.1194659
37.5356	0.0821583	0.083755467	0.119467533
37.557	0.0821389	0.083776567	0.119469067
37.5784	0.082121433	0.083796967	0.119472
37.5998	0.0821058	0.083817	0.119476933
37.6212	0.082092033	0.083837133	0.119484433
37.6426	0.082079867	0.083857533	0.119495467
37.664	0.082069333	0.083878233	0.1195103
37.6854	0.082060267	0.083899267	0.1195303
37.7068	0.082052733	0.083920467	0.119555733
37.7282	0.082046667	0.0839417	0.119586033
37.7496	0.082042067	0.083962933	0.119622267
37.771	0.082038733	0.083984133	0.1196631
37.7924	0.0820365	0.0840053	0.1197092
37.8138	0.082035233	0.0840263	0.1197589
37.8352	0.082034633	0.084047	0.119812667
37.8566	0.0820347	0.084067233	0.119869333
37.878	0.082035467	0.0840869	0.119928333
37.8994	0.082036933	0.084106033	0.119989667
37.9208	0.082039067	0.0841247	0.120053333
37.9422	0.0820416	0.084142867	0.120118
37.9636	0.082044067	0.0841608	0.120183667
37.985	0.082046133	0.0841784	0.120250667
38.0064	0.082047333	0.084195667	0.120318667
38.0278	0.082047333	0.0842127	0.120386333
38.0492	0.082045967	0.0842294	0.120454667
38.0706	0.082043167	0.0842458	0.120522333
38.092	0.082039067	0.084262167	0.120588667
38.1134	0.082033867	0.084278633	0.120653667
38.1348	0.0820282	0.0842955	0.120717
38.1562	0.0820227	0.0843129	0.120778
38.1776	0.082018167	0.084330733	0.120836667
38.199	0.082015167	0.084348733	0.120892667
38.2204	0.082014267	0.0843665	0.120944667
38.2418	0.0820156	0.084383533	0.120992333
38.2632	0.082019067	0.084399433	0.121036333
38.2846	0.082024067	0.084413933	0.121076667
38.306	0.082030067	0.084426867	0.121112
38.3274	0.082036433	0.084438233	0.121144
38.3488	0.082042733	0.084448133	0.121173
38.3702	0.0820489	0.084456833	0.121198667
38.3916	0.082055033	0.0844647	0.121222
38.413	0.082061533	0.0844721	0.121242333
38.4344	0.082068667	0.0844795	0.121259667
38.4558	0.0820768	0.084487533	0.121274333
38.4772	0.082086467	0.084496533	0.121284667
38.4986	0.0820979	0.084507067	0.121290333
38.52	0.082111467	0.0845193	0.121292
38.5414	0.0821274	0.084533467	0.12129
38.5628	0.082145667	0.084549567	0.121284667
38.5842	0.082165967	0.084567333	0.121277333
38.6056	0.0821878	0.084586367	0.121268667
38.627	0.0822105	0.0846062	0.12126
38.6484	0.082233433	0.084626267	0.121251667
38.6698	0.082255867	0.084645967	0.121244333
38.6912	0.0822772	0.0846651	0.121238333
38.7126	0.082296833	0.0846836	0.121233
38.734	0.082314333	0.084701467	0.121228667
38.7554	0.0823291	0.084718833	0.121223333
38.7768	0.082340767	0.084735933	0.121218667
38.7982	0.0823491	0.0847525	0.121213333
38.8196	0.082354033	0.084768367	0.121207
38.841	0.082355633	0.084783133	0.121200667
38.8624	0.0823543	0.0847963	0.121194667
38.8838	0.0823504	0.084807433	0.121187333
38.9052	0.0823446	0.084816467	0.121180333
38.9266	0.0823375	0.0848235	0.121173
38.948	0.0823298	0.0848288	0.121165667
38.9694	0.082322133	0.084832867	0.121158333
38.9908	0.082314733	0.084835967	0.121150333
39.0122	0.082307633	0.0848383	0.121140667
39.0336	0.082300267	0.0848398	0.121129667
39.055	0.082292033	0.084840267	0.121116667
39.0764	0.082282267	0.0848393	0.121101
39.0978	0.082270533	0.084836767	0.121083
39.1192	0.082256633	0.084832567	0.121062
39.1406	0.0822406	0.084826867	0.121039667
39.162	0.082222433	0.0848202	0.121017
39.1834	0.082201967	0.084813233	0.120993667
39.2048	0.082179167	0.0848066	0.120972333
39.2262	0.082153867	0.084801033	0.120952
39.2476	0.082125967	0.084796867	0.120934667
39.269	0.0820957	0.084794233	0.120918333
39.2904	0.0820632	0.084792967	0.120904
39.3118	0.0820289	0.0847928	0.120891
39.3332	0.081993133	0.0847932	0.120878333
39.3546	0.081956167	0.084793733	0.120865667
39.376	0.081918133	0.084793933	0.120852667
39.3974	0.0818788	0.0847934	0.120839667
39.4188	0.0818379	0.0847919	0.120824667
39.4402	0.0817951	0.0847893	0.120808667
39.4616	0.0817503	0.084785667	0.120792333
39.483	0.081703233	0.084781033	0.120775333
39.5044	0.081654333	0.084775667	0.120757667
39.5258	0.081603867	0.084769867	0.120740333
39.5472	0.0815525	0.084763833	0.120724
39.5686	0.081500733	0.0847578	0.120708667
39.59	0.081449267	0.084752067	0.120695667
39.6114	0.0813984	0.084746767	0.120685
39.6328	0.081348667	0.084741933	0.120676667
39.6542	0.081300533	0.084737567	0.120671
39.6756	0.081254333	0.084733467	0.120667667
39.697	0.0812104	0.084729533	0.120666333
39.7184	0.081168733	0.084725533	0.120667
39.7398	0.081129467	0.084721533	0.120669
39.7612	0.0810926	0.084717467	0.120671333
39.7826	0.081057833	0.0847134	0.120674
39.804	0.081024867	0.0847095	0.120676667
39.8254	0.080993067	0.084705833	0.120679
39.8468	0.080962133	0.084702333	0.120681667
39.8682	0.080931533	0.084699167	0.120684333
39.8896	0.080901167	0.084696333	0.120687667
39.911	0.080871267	0.084693967	0.120692333
39.9324	0.080842167	0.084692267	0.120697333
39.9538	0.0808145	0.0846916	0.120704
39.9752	0.0807887	0.084692133	0.120710333
39.9966	0.0807652	0.084694	0.120716333
40.018	0.0807441	0.084697267	0.120721333
40.0394	0.0807252	0.084701833	0.120726
40.0608	0.080708	0.084707633	0.12073
40.0822	0.080691633	0.084714733	0.120732333
40.1036	0.080675167	0.0847233	0.120734333
40.125	0.080657633	0.084733633	0.120736
40.1464	0.080638267	0.084746133	0.120737333
40.1678	0.0806166	0.084760967	0.120738
40.1892	0.080592533	0.084778	0.120738667
40.2106	0.080566133	0.0847969	0.120738667
40.232	0.080537833	0.084816967	0.120738
40.2534	0.080508133	0.084837433	0.120737
40.2748	0.080477433	0.084857467	0.120735333
40.2962	0.080445967	0.084876367	0.120732
40.3176	0.080413667	0.084893667	0.120727333
40.339	0.0803803	0.0849094	0.120721
40.3604	0.0803455	0.0849237	0.120712333
40.3818	0.080309167	0.0849369	0.120701667
40.4032	0.080271433	0.084949333	0.120688667
40.4246	0.080232833	0.084961167	0.120673333
40.446	0.080194333	0.0849723	0.120656667
40.4674	0.080156833	0.0849825	0.120639667
40.4888	0.080121533	0.084991367	0.120624
40.5102	0.080089567	0.084998433	0.120610333
40.5316	0.080061567	0.0850034	0.120599667
40.553	0.080038267	0.085005867	0.120593667
40.5744	0.080019867	0.085005733	0.120592333
40.5958	0.080006667	0.085002867	0.120595667
40.6172	0.079998433	0.084997433	0.120603333
40.6386	0.0799947	0.0849898	0.120616
40.66	0.0799948	0.084980233	0.120632667
40.6814	0.079997667	0.084969467	0.120652667
40.7028	0.080002367	0.084958033	0.120675
40.7242	0.0800079	0.0849467	0.1207
40.7456	0.0800134	0.0849363	0.120725667
40.767	0.080018233	0.084927233	0.120753
40.7884	0.080022067	0.084920033	0.12078
40.8098	0.0800246	0.0849149	0.120806667
40.8312	0.080025867	0.0849119	0.120831667
40.8526	0.080025833	0.0849107	0.120856
40.874	0.0800246	0.084911033	0.120878333
40.8954	0.0800225	0.084912367	0.120898
40.9168	0.080019833	0.084914233	0.120915667
40.9382	0.0800169	0.0849164	0.120929333
40.9596	0.080014067	0.084918533	0.120939
40.981	0.0800116	0.084920567	0.120946
41.0024	0.0800096	0.084922467	0.120949667
41.0238	0.0800082	0.084924233	0.120951
41.0452	0.080007333	0.084925867	0.120951
41.0666	0.080006933	0.0849275	0.120950667
41.088	0.0800068	0.084929333	0.120950667
41.1094	0.080006867	0.084931567	0.120952
41.1308	0.080006867	0.0849342	0.120955
41.1522	0.080006733	0.0849372	0.120960333
41.1736	0.0800062	0.084940333	0.120968333
41.195	0.0800051	0.0849433	0.120978333
41.2164	0.0800031	0.084945667	0.120990333
41.2378	0.0800001	0.084947167	0.121003333
41.2592	0.079996067	0.0849478	0.121017
41.2806	0.0799909	0.0849476	0.121031333
41.302	0.0799846	0.084946833	0.121045333
41.3234	0.079977167	0.084945933	0.121059333
41.3448	0.079968733	0.084945333	0.121072667
41.3662	0.079959433	0.084945433	0.121086333
41.3876	0.079949833	0.084946467	0.121100667
41.409	0.079940533	0.084948567	0.121116
41.4304	0.079932567	0.084951567	0.121133
41.4518	0.079926733	0.084955167	0.121152
41.4732	0.079923733	0.084959	0.121174667
41.4946	0.079924	0.084962833	0.121200333
41.516	0.079927633	0.084966533	0.121228
41.5374	0.079934433	0.084970233	0.121258333
41.5588	0.079943833	0.084974367	0.12129
41.5802	0.0799551	0.084979567	0.121322
41.6016	0.079967467	0.084986567	0.121354
41.623	0.079980133	0.0849961	0.121385
41.6444	0.0799926	0.085008733	0.121414667
41.6658	0.0800046	0.085024633	0.121442667
41.6872	0.080016267	0.0850437	0.121468333
41.7086	0.080027767	0.0850653	0.121492333
41.73	0.0800397	0.0850887	0.121514
41.7514	0.0800524	0.085113233	0.121534333
41.7728	0.080066333	0.085138333	0.121553333
41.7942	0.080081667	0.0851637	0.12157
41.8156	0.0800982	0.085189267	0.121585667
41.837	0.080115767	0.085214933	0.121599667
41.8584	0.0801338	0.0852408	0.121611
41.8798	0.080151733	0.085266867	0.121620333
41.9012	0.080169033	0.085293133	0.121626333
41.9226	0.0801853	0.0853196	0.121629
41.944	0.080200433	0.085346367	0.121627333
41.9654	0.080214767	0.085373667	0.121621667
41.9868	0.080228967	0.085401867	0.121612667
42.0082	0.080243733	0.085431367	0.121600333
42.0296	0.080259667	0.085462667	0.121585667
42.051	0.080276967	0.0854961	0.121570333
42.0724	0.080295333	0.085531767	0.121555333
42.0938	0.080314067	0.0855693	0.121542333
42.1152	0.080332333	0.085608333	0.121532
42.1366	0.0803494	0.0856481	0.121525333
42.158	0.0803648	0.085688033	0.121523
42.1794	0.080378267	0.0857277	0.121525667
42.2008	0.08039	0.085766567	0.121533333
42.2222	0.080400233	0.0858044	0.121545
42.2436	0.0804094	0.0858406	0.12156
42.265	0.0804178	0.085874667	0.121578333
42.2864	0.080425567	0.085905867	0.121598
42.3078	0.080432967	0.085933567	0.121617667
42.3292	0.080440033	0.085957367	0.121635667
42.3506	0.080446667	0.085977067	0.121652
42.372	0.080452833	0.085992733	0.121665333
42.3934	0.080458367	0.0860047	0.121675667
42.4148	0.080463167	0.086013267	0.121684333
42.4362	0.080467067	0.086019133	0.121692
42.4576	0.0804699	0.086022767	0.121697667
42.479	0.080471467	0.086024667	0.121703333
42.5004	0.0804716	0.0860251	0.121708333
42.5218	0.080470233	0.0860243	0.121714667
42.5432	0.0804675	0.0860224	0.121721333
42.5646	0.0804635	0.086019433	0.12173
42.586	0.080458467	0.086015767	0.121741333
42.6074	0.0804526	0.086011733	0.121755333
42.6288	0.080446	0.0860076	0.121773
42.6502	0.080438733	0.0860036	0.121794
42.6716	0.0804308	0.085999667	0.121818
42.693	0.080422167	0.0859954	0.121844333
42.7144	0.080413067	0.085990233	0.121871333
42.7358	0.0804036	0.0859837	0.121899667
42.7572	0.080394067	0.085975333	0.121926333
42.7786	0.080389333	0.085970233	0.121938667
